java -cp `find -L lib/ -name "*.jar" | tr [:space:] :`:classes peersim.Simulator config-BitTorrent.cfg



174 295 0 0
133 841 0 0
486 967 0 0
571 95 0 0
49 554 0 0
631 725 0 0
366 258 0 0
176 58 0 0
47 519 0 0
619 474 0 0
205 124 0 0
358 112 0 0
54 811 0 0
25 64 0 0
246 869 0 0
649 489 0 0
54 233 0 0
433 494 0 0
888 536 0 0
155 525 0 0
621 262 0 0
567 594 0 0
327 321 0 0
961 852 0 0
219 217 0 0
145 310 0 0
196 404 0 0
150 817 0 0
308 665 0 0
313 269 0 0
773 97 0 0
681 206 0 0
69 455 0 0
206 638 0 0
8 341 0 0
174 778 0 0
961 804 0 0
443 441 0 0
229 599 0 0
530 130 0 0
392 545 390 1
820 13 0 0
547 694 0 0
377 967 0 0
727 721 0 0
590 735 0 0
332 98 0 0
997 228 0 0
74 286 0 0
925 167 0 0
613 716 0 0
675 704 0 0
298 966 0 0
820 661 0 0
761 184 0 0
669 608 0 0
392 566 0 0
437 499 0 0
437 685 0 0
229 402 0 0
215 883 0 0
436 827 0 0
104 267 0 0
558 124 0 0
17 333 0 0
342 692 0 0
596 32 0 0
389 377 0 0
484 705 0 0
389 707 0 0
613 260 0 0
89 195 0 0
478 630 0 0
955 219 0 0
511 854 0 0
127 515 0 0
707 408 0 0
218 663 0 0
119 395 0 0
534 384 0 0
368 70 0 0
982 247 0 0
774 70 0 0
670 383 0 0
516 429 0 0
447 141 0 0
733 598 0 0
238 718 0 0
238 636 0 0
849 262 0 0
208 490 0 0
271 473 0 0
674 333 0 0
995 565 0 0
971 198 0 0
170 36 0 0
139 511 0 0
491 828 0 0
645 714 0 0
794 480 0 0
819 456 0 0
450 295 0 0
368 290 0 0
939 789 0 0
725 51 0 0
709 591 0 0
5 580 0 0
113 -3 0 0
550 289 0 0
124 368 0 0
827 718 0 0
259 952 0 0
229 930 0 0
816 41 0 0
773 243 0 0
332 551 0 0
273 817 0 0
985 531 0 0
354 924 0 0
342 619 0 0
843 493 0 0
333 413 0 0
822 58 0 0
77 420 0 0
573 542 0 0
590 125 0 0
479 78 0 0
175 846 0 0
6 724 0 0
834 606 0 0
531 106 0 0
283 931 0 0
715 140 0 0
329 567 0 0
28 148 0 0
492 44 0 0
316 96 0 0
974 658 0 0
358 832 0 0
198 607 0 0
435 222 0 0
106 929 0 0
390 900 0 0
193 38 0 0
283 413 0 0
581 706 0 0
985 791 0 0
75 32 0 0
294 103 0 0
316 999 0 0
330 885 0 0
467 50 0 0
332 834 0 0
32 493 0 0
182 749 0 0
951 587 0 0
999 52 0 0
958 534 0 0
739 947 0 0
353 811 0 0
768 937 0 0
306 809 0 0
738 503 0 0
822 326 0 0
468 630 0 0
640 117 0 0
658 468 0 0
571 750 0 0
229 172 0 0
726 196 0 0
211 737 0 0
91 3 0 0
101 173 0 0
587 280 0 0
582 410 0 0
933 195 0 0
111 644 0 0
993 192 0 0
33 24 0 0
741 723 0 0
675 843 0 0
820 152 0 0
881 348 0 0
5 236 0 0
619 426 0 0
821 605 0 0
488 359 0 0
537 382 0 0
557 359 0 0
233 638 0 0
663 884 0 0
860 864 0 0
333 991 0 0
106 876 0 0
895 186 0 0
964 527 0 0
83 646 0 0
526 248 0 0
879 594 0 0
352 10 0 0
912 915 0 0
693 791 0 0
490 337 0 0
683 198 0 0
557 977 0 0
911 887 0 0
104 718 0 0
785 815 0 0
969 368 0 0
96 977 0 0
739 590 0 0
328 140 0 0
634 495 0 0
726 968 0 0
132 994 0 0
422 153 0 0
64 605 0 0
612 557 0 0
996 827 0 0
973 305 0 0
210 603 0 0
630 208 0 0
648 993 0 0
340 79 0 0
993 494 0 0
37 839 0 0
299 251 0 0
739 731 0 0
220 906 0 0
920 5 0 0
136 617 0 0
930 906 0 0
109 26 0 0
28 668 0 0
200 330 0 0
953 778 0 0
793 827 0 0
106 984 0 0
835 951 0 0
242 900 0 0
521 598 0 0
969 904 0 0
652 527 0 0
325 773 0 0
234 82 0 0
126 847 0 0
393 46 0 0
333 156 0 0
636 368 0 0
599 93 0 0
302 711 0 0
867 124 0 0
695 944 0 0
333 318 0 0
836 735 0 0
364 114 0 0
377 615 0 0
843 292 0 0
599 497 0 0
364 117 0 0
959 259 0 0
932 795 0 0
68 758 0 0
378 854 0 0
707 299 0 0
673 328 0 0
675 424 0 0
304 694 0 0
119 376 0 0
559 598 0 0
441 763 0 0
259 894 0 0
200 662 0 0
333 480 0 0
677 785 0 0
169 972 0 0
153 701 0 0
458 590 0 0
555 434 0 0
622 167 0 0
214 768 0 0
274 979 0 0
361 483 0 0
167 329 0 0
813 641 0 0
199 271 0 0
287 81 0 0
414 913 0 0
811 154 0 0
32 892 0 0
142 988 0 0
627 99 0 0
181 713 0 0
456 143 0 0
281 165 0 0
12 917 0 0
759 145 0 0
297 222 0 0
548 533 0 0
851 481 0 0
154 276 0 0
865 702 0 0
355 975 0 0
44 628 0 0
33 224 0 0
234 448 0 0
739 687 0 0
31 751 0 0
230 404 0 0
237 401 0 0
450 172 0 0
375 757 0 0
52 754 0 0
923 692 0 0
462 45 0 0
282 249 0 0
391 487 0 0
613 741 0 0
539 939 0 0
932 864 0 0
89 256 0 0
871 932 0 0
947 888 0 0
121 670 0 0
12 291 0 0
968 887 0 0
598 61 0 0
112 128 0 0
808 807 0 0
276 878 0 0
135 705 0 0
812 921 0 2
162 786 0 0
340 531 0 0
195 630 0 0
526 781 0 0
251 287 0 0
183 877 0 0
444 381 0 0
596 781 0 0
599 478 0 0
341 196 0 0
563 956 0 0
802 81 0 0
369 298 0 0
160 21 0 0
331 232 0 0
634 880 0 0
492 991 0 0
727 344 0 0
792 725 0 0
911 444 0 0
796 790 0 0
426 527 0 0
607 134 0 0
678 171 0 0
141 624 0 0
720 180 0 0
688 4 0 0
102 144 0 0
896 68 0 0
636 862 0 0
115 461 0 0
737 655 0 0
94 438 0 0
59 629 0 0
63 614 0 0
873 278 0 0
609 501 0 0
362 155 0 0
453 61 0 0
605 837 0 0
379 962 0 0
0 422 0 0
5 328 0 0
523 865 0 0
725 785 0 0
112 612 0 0
899 401 0 0
408 874 0 0
289 62 0 0
623 68 0 0
150 187 0 0
436 292 0 0
690 563 0 0
224 642 0 0
783 674 0 0
130 793 0 0
719 737 0 0
368 101 0 0
634 336 0 0
664 169 0 0
189 258 0 0
339 794 0 0
635 764 0 0
55 142 0 0
402 537 0 0
103 23 0 0
438 688 0 0
884 230 0 0
740 55 0 0
391 321 0 0
725 588 0 0
286 133 0 0
309 946 0 0
666 3 0 0
130 785 0 0
661 417 0 0
987 871 0 0
92 339 0 0
657 905 0 0
228 575 0 0
839 875 0 0
731 608 0 0
695 476 0 0
621 779 0 0
806 227 0 0
320 920 0 0
719 785 0 0
416 224 0 0
354 81 0 0
628 130 0 0
87 786 0 0
924 534 0 0
98 191 0 0
57 748 0 0
81 601 0 0
19 219 0 0
818 369 0 0
126 285 0 0
823 773 0 0
73 731 0 0
906 866 0 0
208 953 0 0
366 555 0 0
133 64 0 0
244 255 0 0
124 577 0 0
390 951 0 0
937 541 0 0
39 600 0 0
293 616 0 0
372 522 0 0
417 908 0 0
892 412 0 0
182 926 0 0
577 950 0 0
309 230 0 0
624 547 0 0
486 373 0 0
58 383 0 0
966 119 0 0
234 268 0 0
137 542 0 0
976 362 0 0
264 481 0 0
178 668 0 0
442 198 0 0
36 329 0 0
91 864 0 0
230 867 0 0
777 954 0 0
222 375 0 0
533 526 0 0
498 125 0 0
956 992 0 0
794 455 0 0
731 511 0 0
824 86 0 0
92 40 0 0
340 378 0 0
822 794 0 0
382 140 0 0
375 595 0 0
114 676 0 0
387 67 0 0
792 174 0 0
128 911 0 0
940 73 0 0
46 326 0 0
499 722 0 0
43 865 0 0
479 229 0 0
368 969 0 0
126 440 0 0
834 727 0 0
104 702 0 0
702 111 0 0
875 889 0 0
176 252 0 0
571 822 0 0
448 213 0 0
978 9 0 0
254 115 0 0
145 370 0 0
425 613 0 0
403 273 0 0
511 736 0 0
352 825 0 0


174 295 0 0
133 841 0 0
486 967 0 0
571 95 0 0
49 554 0 0
631 725 0 0
366 258 0 0
176 58 0 0
47 519 0 0
619 474 0 0
205 124 0 0
358 112 0 0
54 811 0 0
25 64 0 0
246 869 0 0
649 489 0 0
54 233 0 0
433 494 0 0
888 536 0 0
155 525 0 0
621 262 0 0
567 594 0 0
327 321 0 0
961 852 0 0
219 217 0 0
145 310 0 0
196 404 0 0
150 817 0 0
308 665 0 0
313 269 0 0
773 97 0 0
681 206 0 0
69 455 0 0
206 638 0 0
8 341 0 0
174 778 0 0
961 804 0 0
443 441 0 0
229 599 0 0
530 130 0 0
392 545 390 1
820 13 0 0
547 694 0 0
377 967 0 0
727 721 0 0
590 735 0 0
332 98 0 0
997 228 0 0
74 286 0 0
925 167 0 0
613 716 0 0
675 704 0 0
298 966 0 0
820 661 0 0
761 184 0 0
669 608 0 0
392 566 0 0
437 499 0 0
437 685 0 0
229 402 0 0
215 883 0 0
436 827 0 0
104 267 0 0
558 124 0 0
17 333 0 0
342 692 0 0
596 32 0 0
389 377 0 0
484 705 0 0
389 707 0 0
613 260 0 0
89 195 0 0
478 630 0 0
955 219 0 0
511 854 0 0
127 515 0 0
707 408 0 0
218 663 0 0
119 395 0 0
534 384 0 0
368 70 0 0
982 247 0 0
774 70 0 0
670 383 0 0
516 429 0 0
447 141 0 0
733 598 0 0
238 718 0 0
238 636 0 0
849 262 0 0
208 490 0 0
271 473 0 0
674 333 0 0
995 565 0 0
971 198 0 0
170 36 0 0
139 511 0 0
491 828 0 0
645 714 0 0
794 480 0 0
819 456 0 0
450 295 0 0
368 290 0 0
939 789 0 0
725 51 0 0
709 591 0 0
5 580 0 0
113 -3 0 0
550 289 0 0
124 368 0 0
827 718 0 0
259 952 0 0
229 930 0 0
816 41 0 0
773 243 0 0
332 551 0 0
273 817 0 0
985 531 0 0
354 924 0 0
342 619 0 0
843 493 0 0
333 413 0 0
822 58 0 0
77 420 0 0
573 542 0 0
590 125 0 0
479 78 0 0
175 846 0 0
6 724 0 0
834 606 0 0
531 106 0 0
283 931 0 0
715 140 0 0
329 567 0 0
28 148 0 0
492 44 0 0
316 96 0 0
974 658 0 0
358 832 0 0
198 607 0 0
435 222 0 0
106 929 0 0
390 900 0 0
193 38 0 0
283 413 0 0
581 706 0 0
985 791 0 0
75 32 0 0
294 103 0 0
316 999 0 0
330 885 0 0
467 50 0 0
332 834 0 0
32 493 0 0
182 749 0 0
951 587 0 0
999 52 0 0
958 534 0 0
739 947 0 0
353 811 0 0
768 937 0 0
306 809 0 0
738 503 0 0
822 326 0 0
468 630 0 0
640 117 0 0
658 468 0 0
571 750 0 0
229 172 0 0
726 196 0 0
211 737 0 0
91 3 0 0
101 173 0 0
587 280 0 0
582 410 0 0
933 195 0 0
111 644 0 0
993 192 0 0
33 24 0 0
741 723 0 0
675 843 0 0
820 152 0 0
881 348 0 0
5 236 0 0
619 426 0 0
821 605 0 0
488 359 0 0
537 382 0 0
557 359 0 0
233 638 0 0
663 884 0 0
860 864 0 0
333 991 0 0
106 876 0 0
895 186 0 0
964 527 0 0
83 646 0 0
526 248 0 0
879 594 0 0
352 10 0 0
912 915 0 0
693 791 0 0
490 337 0 0
683 198 0 0
557 977 0 0
911 887 0 0
104 718 0 0
785 815 0 0
969 368 0 0
96 977 0 0
739 590 0 0
328 140 0 0
634 495 0 0
726 968 0 0
132 994 0 0
422 153 0 0
64 605 0 0
612 557 0 0
996 827 0 0
973 305 0 0
210 603 0 0
630 208 0 0
648 993 0 0
340 79 0 0
993 494 0 0
37 839 0 0
299 251 0 0
739 731 0 0
220 906 0 0
920 5 0 0
136 617 0 0
930 906 0 0
109 26 0 0
28 668 0 0
200 330 0 0
953 778 0 0
793 827 0 0
106 984 0 0
835 951 0 0
242 900 0 0
521 598 0 0
969 904 0 0
652 527 0 0
325 773 0 0
234 82 0 0
126 847 0 0
393 46 0 0
333 156 0 0
636 368 0 0
599 93 0 0
302 711 0 0
867 124 0 0
695 944 0 0
333 318 0 0
836 735 0 0
364 114 0 0
377 615 0 0
843 292 0 0
599 497 0 0
364 117 0 0
959 259 0 0
932 795 0 0
68 758 0 0
378 854 0 0
707 299 0 0
673 328 0 0
675 424 0 0
304 694 0 0
119 376 0 0
559 598 0 0
441 763 0 0
259 894 0 0
200 662 0 0
333 480 0 0
677 785 0 0
169 972 0 0
153 701 0 0
458 590 0 0
555 434 0 0
622 167 0 0
214 768 0 0
274 979 0 0
361 483 0 0
167 329 0 0
813 641 0 0
199 271 0 0
287 81 0 0
414 913 0 0
811 154 0 0
32 892 0 0
142 988 0 0
627 99 0 0
181 713 0 0
456 143 0 0
281 165 0 0
12 917 0 0
759 145 0 0
297 222 0 0
548 533 0 0
851 481 0 0
154 276 0 0
865 702 0 0
355 975 0 0
44 628 0 0
33 224 0 0
234 448 0 0
739 687 0 0
31 751 0 0
230 404 0 0
237 401 0 0
450 172 0 0
375 757 0 0
52 754 0 0
923 692 0 0
462 45 0 0
282 249 0 0
391 487 0 0
613 741 0 0
539 939 0 0
932 864 0 0
89 256 0 0
871 932 0 0
947 888 0 0
121 670 0 0
12 291 0 0
968 887 0 0
598 61 0 0
112 128 0 0
808 807 0 0
276 878 0 0
135 705 0 0
812 921 0 2
162 786 0 0
340 531 0 0
195 630 0 0
526 781 0 0
251 287 0 0
183 877 0 0
444 381 0 0
596 781 0 0
599 478 0 0
341 196 0 0
563 956 0 0
802 81 0 0
369 298 0 0
160 21 0 0
331 232 0 0
634 880 0 0
492 991 0 0
727 344 0 0
792 725 0 0
911 444 0 0
796 790 0 0
426 527 0 0
607 134 0 0
678 171 0 0
141 624 0 0
720 180 0 0
688 4 0 0
102 144 0 0
896 68 0 0
636 862 0 0
115 461 0 0
737 655 0 0
94 438 0 0
59 629 0 0
63 614 0 0
873 278 0 0
609 501 0 0
362 155 0 0
453 61 0 0
605 837 0 0
379 962 0 0
0 422 0 0
5 328 0 0
523 865 0 0
725 785 0 0
112 612 0 0
899 401 0 0
408 874 0 0
289 62 0 0
623 68 0 0
150 187 0 0
436 292 0 0
690 563 0 0
224 642 0 0
783 674 0 0
130 793 0 0
719 737 0 0
368 101 0 0
634 336 0 0
664 169 0 0
189 258 0 0
339 794 0 0
635 764 0 0
55 142 0 0
402 537 0 0
103 23 0 0
438 688 0 0
884 230 0 0
740 55 0 0
391 321 0 0
725 588 0 0
286 133 0 0
309 946 0 0
666 3 0 0
130 785 0 0
661 417 0 0
987 871 0 0
92 339 0 0
657 905 0 0
228 575 0 0
839 875 0 0
731 608 0 0
695 476 0 0
621 779 0 0
806 227 0 0
320 920 0 0
719 785 0 0
416 224 0 0
354 81 0 0
628 130 0 0
87 786 0 0
924 534 0 0
98 191 0 0
57 748 0 0
81 601 0 0
19 219 0 0
818 369 0 0
126 285 0 0
823 773 0 0
73 731 0 0
906 866 0 0
208 953 0 0
366 555 0 0
133 64 0 0
244 255 0 0
124 577 0 0
390 951 0 0
937 541 0 0
39 600 0 0
293 616 0 0
372 522 0 0
417 908 0 0
892 412 0 0
182 926 0 0
577 950 0 0
309 230 0 0
624 547 0 0
486 373 0 0
58 383 0 0
966 119 0 0
234 268 0 0
137 542 0 0
976 362 0 0
264 481 0 0
178 668 0 0
442 198 0 0
36 329 0 0
91 864 0 0
230 867 0 0
777 954 0 0
222 375 0 0
533 526 0 0
498 125 0 0
956 992 0 0
794 455 0 0
731 511 0 0
824 86 0 0
92 40 0 0
340 378 0 0
822 794 0 0
382 140 0 0
375 595 0 0
114 676 0 0
387 67 0 0
792 174 0 0
128 911 0 0
940 73 0 0
46 326 0 0
499 722 0 0
43 865 0 0
479 229 0 0
368 969 0 0
126 440 0 0
834 727 0 0
104 702 0 0
702 111 0 0
875 889 0 0
176 252 0 0
571 822 0 0
448 213 0 0
978 9 0 0
254 115 0 0
145 370 0 0
425 613 0 0
403 273 0 0
511 736 0 0
352 825 0 0


174 295 0 0
133 841 0 0
486 967 0 0
571 95 0 0
49 554 0 0
631 725 0 0
366 258 0 0
176 58 0 0
47 519 0 0
619 474 0 0
205 124 0 0
358 112 0 0
54 811 0 0
25 64 0 0
246 869 0 0
649 489 0 0
54 233 0 0
433 494 0 0
888 536 0 0
155 525 0 0
621 262 0 0
567 594 0 0
327 321 0 0
961 852 0 0
219 217 0 0
145 310 0 0
196 404 0 0
150 817 0 0
308 665 0 0
313 269 0 0
773 97 0 0
681 206 0 0
69 455 0 0
206 638 0 0
8 341 0 0
174 778 0 0
961 804 0 0
443 441 0 0
229 599 0 0
530 130 0 0
392 545 390 1
820 13 0 0
547 694 0 0
377 967 0 0
727 721 0 0
590 735 0 0
332 98 0 0
997 228 0 0
74 286 0 0
925 167 0 0
613 716 0 0
675 704 0 0
298 966 0 0
820 661 0 0
761 184 0 0
669 608 0 0
392 566 0 0
437 499 0 0
437 685 0 0
229 402 0 0
215 883 0 0
436 827 0 0
104 267 0 0
558 124 0 0
17 333 0 0
342 692 0 0
596 32 0 0
389 377 0 0
484 705 0 0
389 707 0 0
613 260 0 0
89 195 0 0
478 630 0 0
955 219 0 0
511 854 0 0
127 515 0 0
707 408 0 0
218 663 0 0
119 395 0 0
534 384 0 0
368 70 0 0
982 247 0 0
774 70 0 0
670 383 0 0
516 429 0 0
447 141 0 0
733 598 0 0
238 718 0 0
238 636 0 0
849 262 0 0
208 490 0 0
271 473 0 0
674 333 0 0
995 565 0 0
971 198 0 0
170 36 0 0
139 511 0 0
491 828 0 0
645 714 0 0
794 480 0 0
819 456 0 0
450 295 0 0
368 290 0 0
939 789 0 0
725 51 0 0
709 591 0 0
5 580 0 0
113 -3 0 0
550 289 0 0
124 368 0 0
827 718 0 0
259 952 0 0
229 930 0 0
816 41 0 0
773 243 0 0
332 551 0 0
273 817 0 0
985 531 0 0
354 924 0 0
342 619 0 0
843 493 0 0
333 413 0 0
822 58 0 0
77 420 0 0
573 542 0 0
590 125 0 0
479 78 0 0
175 846 0 0
6 724 0 0
834 606 0 0
531 106 0 0
283 931 0 0
715 140 0 0
329 567 0 0
28 148 0 0
492 44 0 0
316 96 0 0
974 658 0 0
358 832 0 0
198 607 0 0
435 222 0 0
106 929 0 0
390 900 0 0
193 38 0 0
283 413 0 0
581 706 0 0
985 791 0 0
75 32 0 0
294 103 0 0
316 999 0 0
330 885 0 0
467 50 0 0
332 834 0 0
32 493 0 0
182 749 0 0
951 587 0 0
999 52 0 0
958 534 0 0
739 947 0 0
353 811 0 0
768 937 0 0
306 809 0 0
738 503 0 0
822 326 0 0
468 630 0 0
640 117 0 0
658 468 0 0
571 750 0 0
229 172 0 0
726 196 0 0
211 737 0 0
91 3 0 0
101 173 0 0
587 280 0 0
582 410 0 0
933 195 0 0
111 644 0 0
993 192 0 0
33 24 0 0
741 723 0 0
675 843 0 0
820 152 0 0
881 348 0 0
5 236 0 0
619 426 0 0
821 605 0 0
488 359 0 0
537 382 0 0
557 359 0 0
233 638 0 0
663 884 0 0
860 864 0 0
333 991 0 0
106 876 0 0
895 186 0 0
964 527 0 0
83 646 0 0
526 248 0 0
879 594 0 0
352 10 0 0
912 915 0 0
693 791 0 0
490 337 0 0
683 198 0 0
557 977 0 0
911 887 0 0
104 718 0 0
785 815 0 0
969 368 0 0
96 977 0 0
739 590 0 0
328 140 0 0
634 495 0 0
726 968 0 0
132 994 0 0
422 153 0 0
64 605 0 0
612 557 0 0
996 827 0 0
973 305 0 0
210 603 0 0
630 208 0 0
648 993 0 0
340 79 0 0
993 494 0 0
37 839 0 0
299 251 0 0
739 731 0 0
220 906 0 0
920 5 0 0
136 617 0 0
930 906 0 0
109 26 0 0
28 668 0 0
200 330 0 0
953 778 0 0
793 827 0 0
106 984 0 0
835 951 0 0
242 900 0 0
521 598 0 0
969 904 0 0
652 527 0 0
325 773 0 0
234 82 0 0
126 847 0 0
393 46 0 0
333 156 0 0
636 368 0 0
599 93 0 0
302 711 0 0
867 124 0 0
695 944 0 0
333 318 0 0
836 735 0 0
364 114 0 0
377 615 0 0
843 292 0 0
599 497 0 0
364 117 0 0
959 259 0 0
932 795 0 0
68 758 0 0
378 854 0 0
707 299 0 0
673 328 0 0
675 424 0 0
304 694 0 0
119 376 0 0
559 598 0 0
441 763 0 0
259 894 0 0
200 662 0 0
333 480 0 0
677 785 0 0
169 972 0 0
153 701 0 0
458 590 0 0
555 434 0 0
622 167 0 0
214 768 0 0
274 979 0 0
361 483 0 0
167 329 0 0
813 641 0 0
199 271 0 0
287 81 0 0
414 913 0 0
811 154 0 0
32 892 0 0
142 988 0 0
627 99 0 0
181 713 0 0
456 143 0 0
281 165 0 0
12 917 0 0
759 145 0 0
297 222 0 0
548 533 0 0
851 481 0 0
154 276 0 0
865 702 0 0
355 975 0 0
44 628 0 0
33 224 0 0
234 448 0 0
739 687 0 0
31 751 0 0
230 404 0 0
237 401 0 0
450 172 0 0
375 757 0 0
52 754 0 0
923 692 0 0
462 45 0 0
282 249 0 0
391 487 0 0
613 741 0 0
539 939 0 0
932 864 0 0
89 256 0 0
871 932 0 0
947 888 0 0
121 670 0 0
12 291 0 0
968 887 0 0
598 61 0 0
112 128 0 0
808 807 0 0
276 878 0 0
135 705 0 0
812 921 0 2
162 786 0 0
340 531 0 0
195 630 0 0
526 781 0 0
251 287 0 0
183 877 0 0
444 381 0 0
596 781 0 0
599 478 0 0
341 196 0 0
563 956 0 0
802 81 0 0
369 298 0 0
160 21 0 0
331 232 0 0
634 880 0 0
492 991 0 0
727 344 0 0
792 725 0 0
911 444 0 0
796 790 0 0
426 527 0 0
607 134 0 0
678 171 0 0
141 624 0 0
720 180 0 0
688 4 0 0
102 144 0 0
896 68 0 0
636 862 0 0
115 461 0 0
737 655 0 0
94 438 0 0
59 629 0 0
63 614 0 0
873 278 0 0
609 501 0 0
362 155 0 0
453 61 0 0
605 837 0 0
379 962 0 0
0 422 0 0
5 328 0 0
523 865 0 0
725 785 0 0
112 612 0 0
899 401 0 0
408 874 0 0
289 62 0 0
623 68 0 0
150 187 0 0
436 292 0 0
690 563 0 0
224 642 0 0
783 674 0 0
130 793 0 0
719 737 0 0
368 101 0 0
634 336 0 0
664 169 0 0
189 258 0 0
339 794 0 0
635 764 0 0
55 142 0 0
402 537 0 0
103 23 0 0
438 688 0 0
884 230 0 0
740 55 0 0
391 321 0 0
725 588 0 0
286 133 0 0
309 946 0 0
666 3 0 0
130 785 0 0
661 417 0 0
987 871 0 0
92 339 0 0
657 905 0 0
228 575 0 0
839 875 0 0
731 608 0 0
695 476 0 0
621 779 0 0
806 227 0 0
320 920 0 0
719 785 0 0
416 224 0 0
354 81 0 0
628 130 0 0
87 786 0 0
924 534 0 0
98 191 0 0
57 748 0 0
81 601 0 0
19 219 0 0
818 369 0 0
126 285 0 0
823 773 0 0
73 731 0 0
906 866 0 0
208 953 0 0
366 555 0 0
133 64 0 0
244 255 0 0
124 577 0 0
390 951 0 0
937 541 0 0
39 600 0 0
293 616 0 0
372 522 0 0
417 908 0 0
892 412 0 0
182 926 0 0
577 950 0 0
309 230 0 0
624 547 0 0
486 373 0 0
58 383 0 0
966 119 0 0
234 268 0 0
137 542 0 0
976 362 0 0
264 481 0 0
178 668 0 0
442 198 0 0
36 329 0 0
91 864 0 0
230 867 0 0
777 954 0 0
222 375 0 0
533 526 0 0
498 125 0 0
956 992 0 0
794 455 0 0
731 511 0 0
824 86 0 0
92 40 0 0
340 378 0 0
822 794 0 0
382 140 0 0
375 595 0 0
114 676 0 0
387 67 0 0
792 174 0 0
128 911 0 0
940 73 0 0
46 326 0 0
499 722 0 0
43 865 0 0
479 229 0 0
368 969 0 0
126 440 0 0
834 727 0 0
104 702 0 0
702 111 0 0
875 889 0 0
176 252 0 0
571 822 0 0
448 213 0 0
978 9 0 0
254 115 0 0
145 370 0 0
425 613 0 0
403 273 0 0
511 736 0 0
352 825 0 0


174 295 0 0
133 841 0 0
486 967 0 0
571 95 0 0
49 554 0 0
631 725 0 0
366 258 0 0
176 58 0 0
47 519 0 0
619 474 0 0
205 124 0 0
358 112 0 0
54 811 0 0
25 64 0 0
246 869 0 0
649 489 0 0
54 233 0 0
433 494 0 0
888 536 0 0
155 525 0 0
621 262 0 0
567 594 0 0
327 321 0 0
961 852 0 0
219 217 0 0
145 310 0 0
196 404 0 0
150 817 0 0
308 665 0 0
313 269 0 0
773 97 0 0
681 206 0 0
69 455 0 0
206 638 0 0
8 341 0 0
174 778 0 0
961 804 0 0
443 441 0 0
229 599 0 0
530 130 0 0
392 545 390 1
820 13 0 0
547 694 0 0
377 967 0 0
727 721 0 0
590 735 0 0
332 98 0 0
997 228 0 0
74 286 0 0
925 167 0 0
613 716 0 0
675 704 0 0
298 966 0 0
820 661 0 0
761 184 0 0
669 608 0 0
392 566 0 0
437 499 0 0
437 685 0 0
229 402 0 0
215 883 0 0
436 827 0 0
104 267 0 0
558 124 0 0
17 333 0 0
342 692 0 0
596 32 0 0
389 377 0 0
484 705 0 0
389 707 0 0
613 260 0 0
89 195 0 0
478 630 0 0
955 219 0 0
511 854 0 0
127 515 0 0
707 408 0 0
218 663 0 0
119 395 0 0
534 384 0 0
368 70 0 0
982 247 0 0
774 70 0 0
670 383 0 0
516 429 0 0
447 141 0 0
733 598 0 0
238 718 0 0
238 636 0 0
849 262 0 0
208 490 0 0
271 473 0 0
674 333 0 0
995 565 0 0
971 198 0 0
170 36 0 0
139 511 0 0
491 828 0 0
645 714 0 0
794 480 0 0
819 456 0 0
450 295 0 0
368 290 0 0
939 789 0 0
725 51 0 0
709 591 0 0
5 580 0 0
113 -3 0 0
550 289 0 0
124 368 0 0
827 718 0 0
259 952 0 0
229 930 0 0
816 41 0 0
773 243 0 0
332 551 0 0
273 817 0 0
985 531 0 0
354 924 0 0
342 619 0 0
843 493 0 0
333 413 0 0
822 58 0 0
77 420 0 0
573 542 0 0
590 125 0 0
479 78 0 0
175 846 0 0
6 724 0 0
834 606 0 0
531 106 0 0
283 931 0 0
715 140 0 0
329 567 0 0
28 148 0 0
492 44 0 0
316 96 0 0
974 658 0 0
358 832 0 0
198 607 0 0
435 222 0 0
106 929 0 0
390 900 0 0
193 38 0 0
283 413 0 0
581 706 0 0
985 791 0 0
75 32 0 0
294 103 0 0
316 999 0 0
330 885 0 0
467 50 0 0
332 834 0 0
32 493 0 0
182 749 0 0
951 587 0 0
999 52 0 0
958 534 0 0
739 947 0 0
353 811 0 0
768 937 0 0
306 809 0 0
738 503 0 0
822 326 0 0
468 630 0 0
640 117 0 0
658 468 0 0
571 750 0 0
229 172 0 0
726 196 0 0
211 737 0 0
91 3 0 0
101 173 0 0
587 280 0 0
582 410 0 0
933 195 0 0
111 644 0 0
993 192 0 0
33 24 0 0
741 723 0 0
675 843 0 0
820 152 0 0
881 348 0 0
5 236 0 0
619 426 0 0
821 605 0 0
488 359 0 0
537 382 0 0
557 359 0 0
233 638 0 0
663 884 0 0
860 864 0 0
333 991 0 0
106 876 0 0
895 186 0 0
964 527 0 0
83 646 0 0
526 248 0 0
879 594 0 0
352 10 0 0
912 915 0 0
693 791 0 0
490 337 0 0
683 198 0 0
557 977 0 0
911 887 0 0
104 718 0 0
785 815 0 0
969 368 0 0
96 977 0 0
739 590 0 0
328 140 0 0
634 495 0 0
726 968 0 0
132 994 0 0
422 153 0 0
64 605 0 0
612 557 0 0
996 827 0 0
973 305 0 0
210 603 0 0
630 208 0 0
648 993 0 0
340 79 0 0
993 494 0 0
37 839 0 0
299 251 0 0
739 731 0 0
220 906 0 0
920 5 0 0
136 617 0 0
930 906 0 0
109 26 0 0
28 668 0 0
200 330 0 0
953 778 0 0
793 827 0 0
106 984 0 0
835 951 0 0
242 900 0 0
521 598 0 0
969 904 0 0
652 527 0 0
325 773 0 0
234 82 0 0
126 847 0 0
393 46 0 0
333 156 0 0
636 368 0 0
599 93 0 0
302 711 0 0
867 124 0 0
695 944 0 0
333 318 0 0
836 735 0 0
364 114 0 0
377 615 0 0
843 292 0 0
599 497 0 0
364 117 0 0
959 259 0 0
932 795 0 0
68 758 0 0
378 854 0 0
707 299 0 0
673 328 0 0
675 424 0 0
304 694 0 0
119 376 0 0
559 598 0 0
441 763 0 0
259 894 0 0
200 662 0 0
333 480 0 0
677 785 0 0
169 972 0 0
153 701 0 0
458 590 0 0
555 434 0 0
622 167 0 0
214 768 0 0
274 979 0 0
361 483 0 0
167 329 0 0
813 641 0 0
199 271 0 0
287 81 0 0
414 913 0 0
811 154 0 0
32 892 0 0
142 988 0 0
627 99 0 0
181 713 0 0
456 143 0 0
281 165 0 0
12 917 0 0
759 145 0 0
297 222 0 0
548 533 0 0
851 481 0 0
154 276 0 0
865 702 0 0
355 975 0 0
44 628 0 0
33 224 0 0
234 448 0 0
739 687 0 0
31 751 0 0
230 404 0 0
237 401 0 0
450 172 0 0
375 757 0 0
52 754 0 0
923 692 0 0
462 45 0 0
282 249 0 0
391 487 0 0
613 741 0 0
539 939 0 0
932 864 0 0
89 256 0 0
871 932 0 0
947 888 0 0
121 670 0 0
12 291 0 0
968 887 0 0
598 61 0 0
112 128 0 0
808 807 0 0
276 878 0 0
135 705 0 0
812 921 0 2
162 786 0 0
340 531 0 0
195 630 0 0
526 781 0 0
251 287 0 0
183 877 0 0
444 381 0 0
596 781 0 0
599 478 0 0
341 196 0 0
563 956 0 0
802 81 0 0
369 298 0 0
160 21 0 0
331 232 0 0
634 880 0 0
492 991 0 0
727 344 0 0
792 725 0 0
911 444 0 0
796 790 0 0
426 527 0 0
607 134 0 0
678 171 0 0
141 624 0 0
720 180 0 0
688 4 0 0
102 144 0 0
896 68 0 0
636 862 0 0
115 461 0 0
737 655 0 0
94 438 0 0
59 629 0 0
63 614 0 0
873 278 0 0
609 501 0 0
362 155 0 0
453 61 0 0
605 837 0 0
379 962 0 0
0 422 0 0
5 328 0 0
523 865 0 0
725 785 0 0
112 612 0 0
899 401 0 0
408 874 0 0
289 62 0 0
623 68 0 0
150 187 0 0
436 292 0 0
690 563 0 0
224 642 0 0
783 674 0 0
130 793 0 0
719 737 0 0
368 101 0 0
634 336 0 0
664 169 0 0
189 258 0 0
339 794 0 0
635 764 0 0
55 142 0 0
402 537 0 0
103 23 0 0
438 688 0 0
884 230 0 0
740 55 0 0
391 321 0 0
725 588 0 0
286 133 0 0
309 946 0 0
666 3 0 0
130 785 0 0
661 417 0 0
987 871 0 0
92 339 0 0
657 905 0 0
228 575 0 0
839 875 0 0
731 608 0 0
695 476 0 0
621 779 0 0
806 227 0 0
320 920 0 0
719 785 0 0
416 224 0 0
354 81 0 0
628 130 0 0
87 786 0 0
924 534 0 0
98 191 0 0
57 748 0 0
81 601 0 0
19 219 0 0
818 369 0 0
126 285 0 0
823 773 0 0
73 731 0 0
906 866 0 0
208 953 0 0
366 555 0 0
133 64 0 0
244 255 0 0
124 577 0 0
390 951 0 0
937 541 0 0
39 600 0 0
293 616 0 0
372 522 0 0
417 908 0 0
892 412 0 0
182 926 0 0
577 950 0 0
309 230 0 0
624 547 0 0
486 373 0 0
58 383 0 0
966 119 0 0
234 268 0 0
137 542 0 0
976 362 0 0
264 481 0 0
178 668 0 0
442 198 0 0
36 329 0 0
91 864 0 0
230 867 0 0
777 954 0 0
222 375 0 0
533 526 0 0
498 125 0 0
956 992 0 0
794 455 0 0
731 511 0 0
824 86 0 0
92 40 0 0
340 378 0 0
822 794 0 0
382 140 0 0
375 595 0 0
114 676 0 0
387 67 0 0
792 174 0 0
128 911 0 0
940 73 0 0
46 326 0 0
499 722 0 0
43 865 0 0
479 229 0 0
368 969 0 0
126 440 0 0
834 727 0 0
104 702 0 0
702 111 0 0
875 889 0 0
176 252 0 0
571 822 0 0
448 213 0 0
978 9 0 0
254 115 0 0
145 370 0 0
425 613 0 0
403 273 0 0
511 736 0 0
352 825 0 0


174 295 0 0
133 841 0 0
486 967 0 0
571 95 0 0
49 554 0 0
631 725 0 0
366 258 0 0
176 58 0 0
47 519 0 0
619 474 0 0
205 124 0 0
358 112 0 0
54 811 0 0
25 64 0 0
246 869 0 0
649 489 0 0
54 233 0 0
433 494 0 0
888 536 0 0
155 525 0 0
621 262 0 0
567 594 0 0
327 321 0 0
961 852 0 0
219 217 0 0
145 310 0 0
196 404 0 0
150 817 0 0
308 665 0 0
313 269 0 0
773 97 0 0
681 206 0 0
69 455 0 0
206 638 0 0
8 341 0 0
174 778 0 0
961 804 0 0
443 441 0 0
229 599 0 0
530 130 0 0
392 545 390 1
820 13 0 0
547 694 0 0
377 967 0 0
727 721 0 0
590 735 0 0
332 98 0 0
997 228 0 0
74 286 0 0
925 167 0 0
613 716 0 0
675 704 0 0
298 966 0 0
820 661 0 0
761 184 0 0
669 608 0 0
392 566 0 0
437 499 0 0
437 685 0 0
229 402 0 0
215 883 0 0
436 827 0 0
104 267 0 0
558 124 0 0
17 333 0 0
342 692 0 0
596 32 0 0
389 377 0 0
484 705 0 0
389 707 0 0
613 260 0 0
89 195 0 0
478 630 0 0
955 219 0 0
511 854 0 0
127 515 0 0
707 408 0 0
218 663 0 0
119 395 0 0
534 384 0 0
368 70 0 0
982 247 0 0
774 70 0 0
670 383 0 0
516 429 0 0
447 141 0 0
733 598 0 0
238 718 0 0
238 636 0 0
849 262 0 0
208 490 0 0
271 473 0 0
674 333 0 0
995 565 0 0
971 198 0 0
170 36 0 0
139 511 0 0
491 828 0 0
645 714 0 0
794 480 0 0
819 456 0 0
450 295 0 0
368 290 0 0
939 789 0 0
725 51 0 0
709 591 0 0
5 580 0 0
113 -3 0 0
550 289 0 0
124 368 0 0
827 718 0 0
259 952 0 0
229 930 0 0
816 41 0 0
773 243 0 0
332 551 0 0
273 817 0 0
985 531 0 0
354 924 0 0
342 619 0 0
843 493 0 0
333 413 0 0
822 58 0 0
77 420 0 0
573 542 0 0
590 125 0 0
479 78 0 0
175 846 0 0
6 724 0 0
834 606 0 0
531 106 0 0
283 931 0 0
715 140 0 0
329 567 0 0
28 148 0 0
492 44 0 0
316 96 0 0
974 658 0 0
358 832 0 0
198 607 0 0
435 222 0 0
106 929 0 0
390 900 0 0
193 38 0 0
283 413 0 0
581 706 0 0
985 791 0 0
75 32 0 0
294 103 0 0
316 999 0 0
330 885 0 0
467 50 0 0
332 834 0 0
32 493 0 0
182 749 0 0
951 587 0 0
999 52 0 0
958 534 0 0
739 947 0 0
353 811 0 0
768 937 0 0
306 809 0 0
738 503 0 0
822 326 0 0
468 630 0 0
640 117 0 0
658 468 0 0
571 750 0 0
229 172 0 0
726 196 0 0
211 737 0 0
91 3 0 0
101 173 0 0
587 280 0 0
582 410 0 0
933 195 0 0
111 644 0 0
993 192 0 0
33 24 0 0
741 723 0 0
675 843 0 0
820 152 0 0
881 348 0 0
5 236 0 0
619 426 0 0
821 605 0 0
488 359 0 0
537 382 0 0
557 359 0 0
233 638 0 0
663 884 0 0
860 864 0 0
333 991 0 0
106 876 0 0
895 186 0 0
964 527 0 0
83 646 0 0
526 248 0 0
879 594 0 0
352 10 0 0
912 915 0 0
693 791 0 0
490 337 0 0
683 198 0 0
557 977 0 0
911 887 0 0
104 718 0 0
785 815 0 0
969 368 0 0
96 977 0 0
739 590 0 0
328 140 0 0
634 495 0 0
726 968 0 0
132 994 0 0
422 153 0 0
64 605 0 0
612 557 0 0
996 827 0 0
973 305 0 0
210 603 0 0
630 208 0 0
648 993 0 0
340 79 0 0
993 494 0 0
37 839 0 0
299 251 0 0
739 731 0 0
220 906 0 0
920 5 0 0
136 617 0 0
930 906 0 0
109 26 0 0
28 668 0 0
200 330 0 0
953 778 0 0
793 827 0 0
106 984 0 0
835 951 0 0
242 900 0 0
521 598 0 0
969 904 0 0
652 527 0 0
325 773 0 0
234 82 0 0
126 847 0 0
393 46 0 0
333 156 0 0
636 368 0 0
599 93 0 0
302 711 0 0
867 124 0 0
695 944 0 0
333 318 0 0
836 735 0 0
364 114 0 0
377 615 0 0
843 292 0 0
599 497 0 0
364 117 0 0
959 259 0 0
932 795 0 0
68 758 0 0
378 854 0 0
707 299 0 0
673 328 0 0
675 424 0 0
304 694 0 0
119 376 0 0
559 598 0 0
441 763 0 0
259 894 0 0
200 662 0 0
333 480 0 0
677 785 0 0
169 972 0 0
153 701 0 0
458 590 0 0
555 434 0 0
622 167 0 0
214 768 0 0
274 979 0 0
361 483 0 0
167 329 0 0
813 641 0 0
199 271 0 0
287 81 0 0
414 913 0 0
811 154 0 0
32 892 0 0
142 988 0 0
627 99 0 0
181 713 0 0
456 143 0 0
281 165 0 0
12 917 0 0
759 145 0 0
297 222 0 0
548 533 0 0
851 481 0 0
154 276 0 0
865 702 0 0
355 975 0 0
44 628 0 0
33 224 0 0
234 448 0 0
739 687 0 0
31 751 0 0
230 404 0 0
237 401 0 0
450 172 0 0
375 757 0 0
52 754 0 0
923 692 0 0
462 45 0 0
282 249 0 0
391 487 0 0
613 741 0 0
539 939 0 0
932 864 0 0
89 256 0 0
871 932 0 0
947 888 0 0
121 670 0 0
12 291 0 0
968 887 0 0
598 61 0 0
112 128 0 0
808 807 0 0
276 878 0 0
135 705 0 0
812 921 0 2
162 786 0 0
340 531 0 0
195 630 0 0
526 781 0 0
251 287 0 0
183 877 0 0
444 381 0 0
596 781 0 0
599 478 0 0
341 196 0 0
563 956 0 0
802 81 0 0
369 298 0 0
160 21 0 0
331 232 0 0
634 880 0 0
492 991 0 0
727 344 0 0
792 725 0 0
911 444 0 0
796 790 0 0
426 527 0 0
607 134 0 0
678 171 0 0
141 624 0 0
720 180 0 0
688 4 0 0
102 144 0 0
896 68 0 0
636 862 0 0
115 461 0 0
737 655 0 0
94 438 0 0
59 629 0 0
63 614 0 0
873 278 0 0
609 501 0 0
362 155 0 0
453 61 0 0
605 837 0 0
379 962 0 0
0 422 0 0
5 328 0 0
523 865 0 0
725 785 0 0
112 612 0 0
899 401 0 0
408 874 0 0
289 62 0 0
623 68 0 0
150 187 0 0
436 292 0 0
690 563 0 0
224 642 0 0
783 674 0 0
130 793 0 0
719 737 0 0
368 101 0 0
634 336 0 0
664 169 0 0
189 258 0 0
339 794 0 0
635 764 0 0
55 142 0 0
402 537 0 0
103 23 0 0
438 688 0 0
884 230 0 0
740 55 0 0
391 321 0 0
725 588 0 0
286 133 0 0
309 946 0 0
666 3 0 0
130 785 0 0
661 417 0 0
987 871 0 0
92 339 0 0
657 905 0 0
228 575 0 0
839 875 0 0
731 608 0 0
695 476 0 0
621 779 0 0
806 227 0 0
320 920 0 0
719 785 0 0
416 224 0 0
354 81 0 0
628 130 0 0
87 786 0 0
924 534 0 0
98 191 0 0
57 748 0 0
81 601 0 0
19 219 0 0
818 369 0 0
126 285 0 0
823 773 0 0
73 731 0 0
906 866 0 0
208 953 0 0
366 555 0 0
133 64 0 0
244 255 0 0
124 577 0 0
390 951 0 0
937 541 0 0
39 600 0 0
293 616 0 0
372 522 0 0
417 908 0 0
892 412 0 0
182 926 0 0
577 950 0 0
309 230 0 0
624 547 0 0
486 373 0 0
58 383 0 0
966 119 0 0
234 268 0 0
137 542 0 0
976 362 0 0
264 481 0 0
178 668 0 0
442 198 0 0
36 329 0 0
91 864 0 0
230 867 0 0
777 954 0 0
222 375 0 0
533 526 0 0
498 125 0 0
956 992 0 0
794 455 0 0
731 511 0 0
824 86 0 0
92 40 0 0
340 378 0 0
822 794 0 0
382 140 0 0
375 595 0 0
114 676 0 0
387 67 0 0
792 174 0 0
128 911 0 0
940 73 0 0
46 326 0 0
499 722 0 0
43 865 0 0
479 229 0 0
368 969 0 0
126 440 0 0
834 727 0 0
104 702 0 0
702 111 0 0
875 889 0 0
176 252 0 0
571 822 0 0
448 213 0 0
978 9 0 0
254 115 0 0
145 370 0 0
425 613 0 0
403 273 0 0
511 736 0 0
352 825 0 0


174 295 0 0
133 841 0 0
486 967 0 0
571 95 0 0
49 554 0 0
631 725 0 0
366 258 0 0
176 58 0 0
47 519 0 0
619 474 0 0
205 124 0 0
358 112 0 0
54 811 0 0
25 64 0 0
246 869 0 0
649 489 0 0
54 233 0 0
433 494 0 0
888 536 0 0
155 525 0 0
621 262 0 0
567 594 0 0
327 321 0 0
961 852 0 0
219 217 0 0
145 310 0 0
196 404 0 0
150 817 0 0
308 665 0 0
313 269 0 0
773 97 0 0
681 206 0 0
69 455 0 0
206 638 0 0
8 341 0 0
174 778 0 0
961 804 0 0
443 441 0 0
229 599 0 0
530 130 0 0
392 545 390 1
820 13 0 0
547 694 0 0
377 967 0 0
727 721 0 0
590 735 0 0
332 98 0 0
997 228 0 0
74 286 0 0
925 167 0 0
613 716 0 0
675 704 0 0
298 966 0 0
820 661 0 0
761 184 0 0
669 608 0 0
392 566 0 0
437 499 0 0
437 685 0 0
229 402 0 0
215 883 0 0
436 827 0 0
104 267 0 0
558 124 0 0
17 333 0 0
342 692 0 0
596 32 0 0
389 377 0 0
484 705 0 0
389 707 0 0
613 260 0 0
89 195 0 0
478 630 0 0
955 219 0 0
511 854 0 0
127 515 0 0
707 408 0 0
218 663 0 0
119 395 0 0
534 384 0 0
368 70 0 0
982 247 0 0
774 70 0 0
670 383 0 0
516 429 0 0
447 141 0 0
733 598 0 0
238 718 0 0
238 636 0 0
849 262 0 0
208 490 0 0
271 473 0 0
674 333 0 0
995 565 0 0
971 198 0 0
170 36 0 0
139 511 0 0
491 828 0 0
645 714 0 0
794 480 0 0
819 456 0 0
450 295 0 0
368 290 0 0
939 789 0 0
725 51 0 0
709 591 0 0
5 580 0 0
113 -3 0 0
550 289 0 0
124 368 0 0
827 718 0 0
259 952 0 0
229 930 0 0
816 41 0 0
773 243 0 0
332 551 0 0
273 817 0 0
985 531 0 0
354 924 0 0
342 619 0 0
843 493 0 0
333 413 0 0
822 58 0 0
77 420 0 0
573 542 0 0
590 125 0 0
479 78 0 0
175 846 0 0
6 724 0 0
834 606 0 0
531 106 0 0
283 931 0 0
715 140 0 0
329 567 0 0
28 148 0 0
492 44 0 0
316 96 0 0
974 658 0 0
358 832 0 0
198 607 0 0
435 222 0 0
106 929 0 0
390 900 0 0
193 38 0 0
283 413 0 0
581 706 0 0
985 791 0 0
75 32 0 0
294 103 0 0
316 999 0 0
330 885 0 0
467 50 0 0
332 834 0 0
32 493 0 0
182 749 0 0
951 587 0 0
999 52 0 0
958 534 0 0
739 947 0 0
353 811 0 0
768 937 0 0
306 809 0 0
738 503 0 0
822 326 0 0
468 630 0 0
640 117 0 0
658 468 0 0
571 750 0 0
229 172 0 0
726 196 0 0
211 737 0 0
91 3 0 0
101 173 0 0
587 280 0 0
582 410 0 0
933 195 0 0
111 644 0 0
993 192 0 0
33 24 0 0
741 723 0 0
675 843 0 0
820 152 0 0
881 348 0 0
5 236 0 0
619 426 0 0
821 605 0 0
488 359 0 0
537 382 0 0
557 359 0 0
233 638 0 0
663 884 0 0
860 864 0 0
333 991 0 0
106 876 0 0
895 186 0 0
964 527 0 0
83 646 0 0
526 248 0 0
879 594 0 0
352 10 0 0
912 915 0 0
693 791 0 0
490 337 0 0
683 198 0 0
557 977 0 0
911 887 0 0
104 718 0 0
785 815 0 0
969 368 0 0
96 977 0 0
739 590 0 0
328 140 0 0
634 495 0 0
726 968 0 0
132 994 0 0
422 153 0 0
64 605 0 0
612 557 0 0
996 827 0 0
973 305 0 0
210 603 0 0
630 208 0 0
648 993 0 0
340 79 0 0
993 494 0 0
37 839 0 0
299 251 0 0
739 731 0 0
220 906 0 0
920 5 0 0
136 617 0 0
930 906 0 0
109 26 0 0
28 668 0 0
200 330 0 0
953 778 0 0
793 827 0 0
106 984 0 0
835 951 0 0
242 900 0 0
521 598 0 0
969 904 0 0
652 527 0 0
325 773 0 0
234 82 0 0
126 847 0 0
393 46 0 0
333 156 0 0
636 368 0 0
599 93 0 0
302 711 0 0
867 124 0 0
695 944 0 0
333 318 0 0
836 735 0 0
364 114 0 0
377 615 0 0
843 292 0 0
599 497 0 0
364 117 0 0
959 259 0 0
932 795 0 0
68 758 0 0
378 854 0 0
707 299 0 0
673 328 0 0
675 424 0 0
304 694 0 0
119 376 0 0
559 598 0 0
441 763 0 0
259 894 0 0
200 662 0 0
333 480 0 0
677 785 0 0
169 972 0 0
153 701 0 0
458 590 0 0
555 434 0 0
622 167 0 0
214 768 0 0
274 979 0 0
361 483 0 0
167 329 0 0
813 641 0 0
199 271 0 0
287 81 0 0
414 913 0 0
811 154 0 0
32 892 0 0
142 988 0 0
627 99 0 0
181 713 0 0
456 143 0 0
281 165 0 0
12 917 0 0
759 145 0 0
297 222 0 0
548 533 0 0
851 481 0 0
154 276 0 0
865 702 0 0
355 975 0 0
44 628 0 0
33 224 0 0
234 448 0 0
739 687 0 0
31 751 0 0
230 404 0 0
237 401 0 0
450 172 0 0
375 757 0 0
52 754 0 0
923 692 0 0
462 45 0 0
282 249 0 0
391 487 0 0
613 741 0 0
539 939 0 0
932 864 0 0
89 256 0 0
871 932 0 0
947 888 0 0
121 670 0 0
12 291 0 0
968 887 0 0
598 61 0 0
112 128 0 0
808 807 0 0
276 878 0 0
135 705 0 0
812 921 0 2
162 786 0 0
340 531 0 0
195 630 0 0
526 781 0 0
251 287 0 0
183 877 0 0
444 381 0 0
596 781 0 0
599 478 0 0
341 196 0 0
563 956 0 0
802 81 0 0
369 298 0 0
160 21 0 0
331 232 0 0
634 880 0 0
492 991 0 0
727 344 0 0
792 725 0 0
911 444 0 0
796 790 0 0
426 527 0 0
607 134 0 0
678 171 0 0
141 624 0 0
720 180 0 0
688 4 0 0
102 144 0 0
896 68 0 0
636 862 0 0
115 461 0 0
737 655 0 0
94 438 0 0
59 629 0 0
63 614 0 0
873 278 0 0
609 501 0 0
362 155 0 0
453 61 0 0
605 837 0 0
379 962 0 0
0 422 0 0
5 328 0 0
523 865 0 0
725 785 0 0
112 612 0 0
899 401 0 0
408 874 0 0
289 62 0 0
623 68 0 0
150 187 0 0
436 292 0 0
690 563 0 0
224 642 0 0
783 674 0 0
130 793 0 0
719 737 0 0
368 101 0 0
634 336 0 0
664 169 0 0
189 258 0 0
339 794 0 0
635 764 0 0
55 142 0 0
402 537 0 0
103 23 0 0
438 688 0 0
884 230 0 0
740 55 0 0
391 321 0 0
725 588 0 0
286 133 0 0
309 946 0 0
666 3 0 0
130 785 0 0
661 417 0 0
987 871 0 0
92 339 0 0
657 905 0 0
228 575 0 0
839 875 0 0
731 608 0 0
695 476 0 0
621 779 0 0
806 227 0 0
320 920 0 0
719 785 0 0
416 224 0 0
354 81 0 0
628 130 0 0
87 786 0 0
924 534 0 0
98 191 0 0
57 748 0 0
81 601 0 0
19 219 0 0
818 369 0 0
126 285 0 0
823 773 0 0
73 731 0 0
906 866 0 0
208 953 0 0
366 555 0 0
133 64 0 0
244 255 0 0
124 577 0 0
390 951 0 0
937 541 0 0
39 600 0 0
293 616 0 0
372 522 0 0
417 908 0 0
892 412 0 0
182 926 0 0
577 950 0 0
309 230 0 0
624 547 0 0
486 373 0 0
58 383 0 0
966 119 0 0
234 268 0 0
137 542 0 0
976 362 0 0
264 481 0 0
178 668 0 0
442 198 0 0
36 329 0 0
91 864 0 0
230 867 0 0
777 954 0 0
222 375 0 0
533 526 0 0
498 125 0 0
956 992 0 0
794 455 0 0
731 511 0 0
824 86 0 0
92 40 0 0
340 378 0 0
822 794 0 0
382 140 0 0
375 595 0 0
114 676 0 0
387 67 0 0
792 174 0 0
128 911 0 0
940 73 0 0
46 326 0 0
499 722 0 0
43 865 0 0
479 229 0 0
368 969 0 0
126 440 0 0
834 727 0 0
104 702 0 0
702 111 0 0
875 889 0 0
176 252 0 0
571 822 0 0
448 213 0 0
978 9 0 0
254 115 0 0
145 370 0 0
425 613 0 0
403 273 0 0
511 736 0 0
352 825 0 0


174 295 0 0
133 841 0 0
486 967 0 0
571 95 0 0
49 554 0 0
631 725 0 0
366 258 0 0
176 58 0 0
47 519 0 0
619 474 0 0
205 124 0 0
358 112 0 0
54 811 0 0
25 64 0 0
246 869 0 0
649 489 0 0
54 233 0 0
433 494 0 0
888 536 0 0
155 525 0 0
621 262 0 0
567 594 0 0
327 321 0 0
961 852 0 0
219 217 0 0
145 310 0 0
196 404 0 0
150 817 0 0
308 665 0 0
313 269 0 0
773 97 0 0
681 206 0 0
69 455 0 0
206 638 0 0
8 341 0 0
174 778 0 0
961 804 0 0
443 441 0 0
229 599 0 0
530 130 0 0
392 545 390 1
820 13 0 0
547 694 0 0
377 967 0 0
727 721 0 0
590 735 0 0
332 98 0 0
997 228 0 0
74 286 0 0
925 167 0 0
613 716 0 0
675 704 0 0
298 966 0 0
820 661 0 0
761 184 0 0
669 608 0 0
392 566 0 0
437 499 0 0
437 685 0 0
229 402 0 0
215 883 0 0
436 827 0 0
104 267 0 0
558 124 0 0
17 333 0 0
342 692 0 0
596 32 0 0
389 377 0 0
484 705 0 0
389 707 0 0
613 260 0 0
89 195 0 0
478 630 0 0
955 219 0 0
511 854 0 0
127 515 0 0
707 408 0 0
218 663 0 0
119 395 0 0
534 384 0 0
368 70 0 0
982 247 0 0
774 70 0 0
670 383 0 0
516 429 0 0
447 141 0 0
733 598 0 0
238 718 0 0
238 636 0 0
849 262 0 0
208 490 0 0
271 473 0 0
674 333 0 0
995 565 0 0
971 198 0 0
170 36 0 0
139 511 0 0
491 828 0 0
645 714 0 0
794 480 0 0
819 456 0 0
450 295 0 0
368 290 0 0
939 789 0 0
725 51 0 0
709 591 0 0
5 580 0 0
113 -3 0 0
550 289 0 0
124 368 0 0
827 718 0 0
259 952 0 0
229 930 0 0
816 41 0 0
773 243 0 0
332 551 0 0
273 817 0 0
985 531 0 0
354 924 0 0
342 619 0 0
843 493 0 0
333 413 0 0
822 58 0 0
77 420 0 0
573 542 0 0
590 125 0 0
479 78 0 0
175 846 0 0
6 724 0 0
834 606 0 0
531 106 0 0
283 931 0 0
715 140 0 0
329 567 0 0
28 148 0 0
492 44 0 0
316 96 0 0
974 658 0 0
358 832 0 0
198 607 0 0
435 222 0 0
106 929 0 0
390 900 0 0
193 38 0 0
283 413 0 0
581 706 0 0
985 791 0 0
75 32 0 0
294 103 0 0
316 999 0 0
330 885 0 0
467 50 0 0
332 834 0 0
32 493 0 0
182 749 0 0
951 587 0 0
999 52 0 0
958 534 0 0
739 947 0 0
353 811 0 0
768 937 0 0
306 809 0 0
738 503 0 0
822 326 0 0
468 630 0 0
640 117 0 0
658 468 0 0
571 750 0 0
229 172 0 0
726 196 0 0
211 737 0 0
91 3 0 0
101 173 0 0
587 280 0 0
582 410 0 0
933 195 0 0
111 644 0 0
993 192 0 0
33 24 0 0
741 723 0 0
675 843 0 0
820 152 0 0
881 348 0 0
5 236 0 0
619 426 0 0
821 605 0 0
488 359 0 0
537 382 0 0
557 359 0 0
233 638 0 0
663 884 0 0
860 864 0 0
333 991 0 0
106 876 0 0
895 186 0 0
964 527 0 0
83 646 0 0
526 248 0 0
879 594 0 0
352 10 0 0
912 915 0 0
693 791 0 0
490 337 0 0
683 198 0 0
557 977 0 0
911 887 0 0
104 718 0 0
785 815 0 0
969 368 0 0
96 977 0 0
739 590 0 0
328 140 0 0
634 495 0 0
726 968 0 0
132 994 0 0
422 153 0 0
64 605 0 0
612 557 0 0
996 827 0 0
973 305 0 0
210 603 0 0
630 208 0 0
648 993 0 0
340 79 0 0
993 494 0 0
37 839 0 0
299 251 0 0
739 731 0 0
220 906 0 0
920 5 0 0
136 617 0 0
930 906 0 0
109 26 0 0
28 668 0 0
200 330 0 0
953 778 0 0
793 827 0 0
106 984 0 0
835 951 0 0
242 900 0 0
521 598 0 0
969 904 0 0
652 527 0 0
325 773 0 0
234 82 0 0
126 847 0 0
393 46 0 0
333 156 0 0
636 368 0 0
599 93 0 0
302 711 0 0
867 124 0 0
695 944 0 0
333 318 0 0
836 735 0 0
364 114 0 0
377 615 0 0
843 292 0 0
599 497 0 0
364 117 0 0
959 259 0 0
932 795 0 0
68 758 0 0
378 854 0 0
707 299 0 0
673 328 0 0
675 424 0 0
304 694 0 0
119 376 0 0
559 598 0 0
441 763 0 0
259 894 0 0
200 662 0 0
333 480 0 0
677 785 0 0
169 972 0 0
153 701 0 0
458 590 0 0
555 434 0 0
622 167 0 0
214 768 0 0
274 979 0 0
361 483 0 0
167 329 0 0
813 641 0 0
199 271 0 0
287 81 0 0
414 913 0 0
811 154 0 0
32 892 0 0
142 988 0 0
627 99 0 0
181 713 0 0
456 143 0 0
281 165 0 0
12 917 0 0
759 145 0 0
297 222 0 0
548 533 0 0
851 481 0 0
154 276 0 0
865 702 0 0
355 975 0 0
44 628 0 0
33 224 0 0
234 448 0 0
739 687 0 0
31 751 0 0
230 404 0 0
237 401 0 0
450 172 0 0
375 757 0 0
52 754 0 0
923 692 0 0
462 45 0 0
282 249 0 0
391 487 0 0
613 741 0 0
539 939 0 0
932 864 0 0
89 256 0 0
871 932 0 0
947 888 0 0
121 670 0 0
12 291 0 0
968 887 0 0
598 61 0 0
112 128 0 0
808 807 0 0
276 878 0 0
135 705 0 0
812 921 0 2
162 786 0 0
340 531 0 0
195 630 0 0
526 781 0 0
251 287 0 0
183 877 0 0
444 381 0 0
596 781 0 0
599 478 0 0
341 196 0 0
563 956 0 0
802 81 0 0
369 298 0 0
160 21 0 0
331 232 0 0
634 880 0 0
492 991 0 0
727 344 0 0
792 725 0 0
911 444 0 0
796 790 0 0
426 527 0 0
607 134 0 0
678 171 0 0
141 624 0 0
720 180 0 0
688 4 0 0
102 144 0 0
896 68 0 0
636 862 0 0
115 461 0 0
737 655 0 0
94 438 0 0
59 629 0 0
63 614 0 0
873 278 0 0
609 501 0 0
362 155 0 0
453 61 0 0
605 837 0 0
379 962 0 0
0 422 0 0
5 328 0 0
523 865 0 0
725 785 0 0
112 612 0 0
899 401 0 0
408 874 0 0
289 62 0 0
623 68 0 0
150 187 0 0
436 292 0 0
690 563 0 0
224 642 0 0
783 674 0 0
130 793 0 0
719 737 0 0
368 101 0 0
634 336 0 0
664 169 0 0
189 258 0 0
339 794 0 0
635 764 0 0
55 142 0 0
402 537 0 0
103 23 0 0
438 688 0 0
884 230 0 0
740 55 0 0
391 321 0 0
725 588 0 0
286 133 0 0
309 946 0 0
666 3 0 0
130 785 0 0
661 417 0 0
987 871 0 0
92 339 0 0
657 905 0 0
228 575 0 0
839 875 0 0
731 608 0 0
695 476 0 0
621 779 0 0
806 227 0 0
320 920 0 0
719 785 0 0
416 224 0 0
354 81 0 0
628 130 0 0
87 786 0 0
924 534 0 0
98 191 0 0
57 748 0 0
81 601 0 0
19 219 0 0
818 369 0 0
126 285 0 0
823 773 0 0
73 731 0 0
906 866 0 0
208 953 0 0
366 555 0 0
133 64 0 0
244 255 0 0
124 577 0 0
390 951 0 0
937 541 0 0
39 600 0 0
293 616 0 0
372 522 0 0
417 908 0 0
892 412 0 0
182 926 0 0
577 950 0 0
309 230 0 0
624 547 0 0
486 373 0 0
58 383 0 0
966 119 0 0
234 268 0 0
137 542 0 0
976 362 0 0
264 481 0 0
178 668 0 0
442 198 0 0
36 329 0 0
91 864 0 0
230 867 0 0
777 954 0 0
222 375 0 0
533 526 0 0
498 125 0 0
956 992 0 0
794 455 0 0
731 511 0 0
824 86 0 0
92 40 0 0
340 378 0 0
822 794 0 0
382 140 0 0
375 595 0 0
114 676 0 0
387 67 0 0
792 174 0 0
128 911 0 0
940 73 0 0
46 326 0 0
499 722 0 0
43 865 0 0
479 229 0 0
368 969 0 0
126 440 0 0
834 727 0 0
104 702 0 0
702 111 0 0
875 889 0 0
176 252 0 0
571 822 0 0
448 213 0 0
978 9 0 0
254 115 0 0
145 370 0 0
425 613 0 0
403 273 0 0
511 736 0 0
352 825 0 0


174 295 0 0
133 841 0 0
486 967 0 0
571 95 0 0
49 554 0 0
631 725 0 0
366 258 0 0
176 58 0 0
47 519 0 0
619 474 0 0
205 124 0 0
358 112 0 0
54 811 0 0
25 64 0 0
246 869 0 0
649 489 0 0
54 233 0 0
433 494 0 0
888 536 0 0
155 525 0 0
621 262 0 0
567 594 0 0
327 321 0 0
961 852 0 0
219 217 0 0
145 310 0 0
196 404 0 0
150 817 0 0
308 665 0 0
313 269 0 0
773 97 0 0
681 206 0 0
69 455 0 0
206 638 0 0
8 341 0 0
174 778 0 0
961 804 0 0
443 441 0 0
229 599 0 0
530 130 0 0
392 545 390 1
820 13 0 0
547 694 0 0
377 967 0 0
727 721 0 0
590 735 0 0
332 98 0 0
997 228 0 0
74 286 0 0
925 167 0 0
613 716 0 0
675 704 0 0
298 966 0 0
820 661 0 0
761 184 0 0
669 608 0 0
392 566 0 0
437 499 0 0
437 685 0 0
229 402 0 0
215 883 0 0
436 827 0 0
104 267 0 0
558 124 0 0
17 333 0 0
342 692 0 0
596 32 0 0
389 377 0 0
484 705 0 0
389 707 0 0
613 260 0 0
89 195 0 0
478 630 0 0
955 219 0 0
511 854 0 0
127 515 0 0
707 408 0 0
218 663 0 0
119 395 0 0
534 384 0 0
368 70 0 0
982 247 0 0
774 70 0 0
670 383 0 0
516 429 0 0
447 141 0 0
733 598 0 0
238 718 0 0
238 636 0 0
849 262 0 0
208 490 0 0
271 473 0 0
674 333 0 0
995 565 0 0
971 198 0 0
170 36 0 0
139 511 0 0
491 828 0 0
645 714 0 0
794 480 0 0
819 456 0 0
450 295 0 0
368 290 0 0
939 789 0 0
725 51 0 0
709 591 0 0
5 580 0 0
113 -3 0 0
550 289 0 0
124 368 0 0
827 718 0 0
259 952 0 0
229 930 0 0
816 41 0 0
773 243 0 0
332 551 0 0
273 817 0 0
985 531 0 0
354 924 0 0
342 619 0 0
843 493 0 0
333 413 0 0
822 58 0 0
77 420 0 0
573 542 0 0
590 125 0 0
479 78 0 0
175 846 0 0
6 724 0 0
834 606 0 0
531 106 0 0
283 931 0 0
715 140 0 0
329 567 0 0
28 148 0 0
492 44 0 0
316 96 0 0
974 658 0 0
358 832 0 0
198 607 0 0
435 222 0 0
106 929 0 0
390 900 0 0
193 38 0 0
283 413 0 0
581 706 0 0
985 791 0 0
75 32 0 0
294 103 0 0
316 999 0 0
330 885 0 0
467 50 0 0
332 834 0 0
32 493 0 0
182 749 0 0
951 587 0 0
999 52 0 0
958 534 0 0
739 947 0 0
353 811 0 0
768 937 0 0
306 809 0 0
738 503 0 0
822 326 0 0
468 630 0 0
640 117 0 0
658 468 0 0
571 750 0 0
229 172 0 0
726 196 0 0
211 737 0 0
91 3 0 0
101 173 0 0
587 280 0 0
582 410 0 0
933 195 0 0
111 644 0 0
993 192 0 0
33 24 0 0
741 723 0 0
675 843 0 0
820 152 0 0
881 348 0 0
5 236 0 0
619 426 0 0
821 605 0 0
488 359 0 0
537 382 0 0
557 359 0 0
233 638 0 0
663 884 0 0
860 864 0 0
333 991 0 0
106 876 0 0
895 186 0 0
964 527 0 0
83 646 0 0
526 248 0 0
879 594 0 0
352 10 0 0
912 915 0 0
693 791 0 0
490 337 0 0
683 198 0 0
557 977 0 0
911 887 0 0
104 718 0 0
785 815 0 0
969 368 0 0
96 977 0 0
739 590 0 0
328 140 0 0
634 495 0 0
726 968 0 0
132 994 0 0
422 153 0 0
64 605 0 0
612 557 0 0
996 827 0 0
973 305 0 0
210 603 0 0
630 208 0 0
648 993 0 0
340 79 0 0
993 494 0 0
37 839 0 0
299 251 0 0
739 731 0 0
220 906 0 0
920 5 0 0
136 617 0 0
930 906 0 0
109 26 0 0
28 668 0 0
200 330 0 0
953 778 0 0
793 827 0 0
106 984 0 0
835 951 0 0
242 900 0 0
521 598 0 0
969 904 0 0
652 527 0 0
325 773 0 0
234 82 0 0
126 847 0 0
393 46 0 0
333 156 0 0
636 368 0 0
599 93 0 0
302 711 0 0
867 124 0 0
695 944 0 0
333 318 0 0
836 735 0 0
364 114 0 0
377 615 0 0
843 292 0 0
599 497 0 0
364 117 0 0
959 259 0 0
932 795 0 0
68 758 0 0
378 854 0 0
707 299 0 0
673 328 0 0
675 424 0 0
304 694 0 0
119 376 0 0
559 598 0 0
441 763 0 0
259 894 0 0
200 662 0 0
333 480 0 0
677 785 0 0
169 972 0 0
153 701 0 0
458 590 0 0
555 434 0 0
622 167 0 0
214 768 0 0
274 979 0 0
361 483 0 0
167 329 0 0
813 641 0 0
199 271 0 0
287 81 0 0
414 913 0 0
811 154 0 0
32 892 0 0
142 988 0 0
627 99 0 0
181 713 0 0
456 143 0 0
281 165 0 0
12 917 0 0
759 145 0 0
297 222 0 0
548 533 0 0
851 481 0 0
154 276 0 0
865 702 0 0
355 975 0 0
44 628 0 0
33 224 0 0
234 448 0 0
739 687 0 0
31 751 0 0
230 404 0 0
237 401 0 0
450 172 0 0
375 757 0 0
52 754 0 0
923 692 0 0
462 45 0 0
282 249 0 0
391 487 0 0
613 741 0 0
539 939 0 0
932 864 0 0
89 256 0 0
871 932 0 0
947 888 0 0
121 670 0 0
12 291 0 0
968 887 0 0
598 61 0 0
112 128 0 0
808 807 0 0
276 878 0 0
135 705 0 0
812 921 0 2
162 786 0 0
340 531 0 0
195 630 0 0
526 781 0 0
251 287 0 0
183 877 0 0
444 381 0 0
596 781 0 0
599 478 0 0
341 196 0 0
563 956 0 0
802 81 0 0
369 298 0 0
160 21 0 0
331 232 0 0
634 880 0 0
492 991 0 0
727 344 0 0
792 725 0 0
911 444 0 0
796 790 0 0
426 527 0 0
607 134 0 0
678 171 0 0
141 624 0 0
720 180 0 0
688 4 0 0
102 144 0 0
896 68 0 0
636 862 0 0
115 461 0 0
737 655 0 0
94 438 0 0
59 629 0 0
63 614 0 0
873 278 0 0
609 501 0 0
362 155 0 0
453 61 0 0
605 837 0 0
379 962 0 0
0 422 0 0
5 328 0 0
523 865 0 0
725 785 0 0
112 612 0 0
899 401 0 0
408 874 0 0
289 62 0 0
623 68 0 0
150 187 0 0
436 292 0 0
690 563 0 0
224 642 0 0
783 674 0 0
130 793 0 0
719 737 0 0
368 101 0 0
634 336 0 0
664 169 0 0
189 258 0 0
339 794 0 0
635 764 0 0
55 142 0 0
402 537 0 0
103 23 0 0
438 688 0 0
884 230 0 0
740 55 0 0
391 321 0 0
725 588 0 0
286 133 0 0
309 946 0 0
666 3 0 0
130 785 0 0
661 417 0 0
987 871 0 0
92 339 0 0
657 905 0 0
228 575 0 0
839 875 0 0
731 608 0 0
695 476 0 0
621 779 0 0
806 227 0 0
320 920 0 0
719 785 0 0
416 224 0 0
354 81 0 0
628 130 0 0
87 786 0 0
924 534 0 0
98 191 0 0
57 748 0 0
81 601 0 0
19 219 0 0
818 369 0 0
126 285 0 0
823 773 0 0
73 731 0 0
906 866 0 0
208 953 0 0
366 555 0 0
133 64 0 0
244 255 0 0
124 577 0 0
390 951 0 0
937 541 0 0
39 600 0 0
293 616 0 0
372 522 0 0
417 908 0 0
892 412 0 0
182 926 0 0
577 950 0 0
309 230 0 0
624 547 0 0
486 373 0 0
58 383 0 0
966 119 0 0
234 268 0 0
137 542 0 0
976 362 0 0
264 481 0 0
178 668 0 0
442 198 0 0
36 329 0 0
91 864 0 0
230 867 0 0
777 954 0 0
222 375 0 0
533 526 0 0
498 125 0 0
956 992 0 0
794 455 0 0
731 511 0 0
824 86 0 0
92 40 0 0
340 378 0 0
822 794 0 0
382 140 0 0
375 595 0 0
114 676 0 0
387 67 0 0
792 174 0 0
128 911 0 0
940 73 0 0
46 326 0 0
499 722 0 0
43 865 0 0
479 229 0 0
368 969 0 0
126 440 0 0
834 727 0 0
104 702 0 0
702 111 0 0
875 889 0 0
176 252 0 0
571 822 0 0
448 213 0 0
978 9 0 0
254 115 0 0
145 370 0 0
425 613 0 0
403 273 0 0
511 736 0 0
352 825 0 0


174 295 0 0
133 841 0 0
486 967 0 0
571 95 0 0
49 554 0 0
631 725 0 0
366 258 0 0
176 58 0 0
47 519 0 0
619 474 0 0
205 124 0 0
358 112 0 0
54 811 0 0
25 64 0 0
246 869 0 0
649 489 0 0
54 233 0 0
433 494 0 0
888 536 0 0
155 525 0 0
621 262 0 0
567 594 0 0
327 321 0 0
961 852 0 0
219 217 0 0
145 310 0 0
196 404 0 0
150 817 0 0
308 665 0 0
313 269 0 0
773 97 0 0
681 206 0 0
69 455 0 0
206 638 0 0
8 341 0 0
174 778 0 0
961 804 0 0
443 441 0 0
229 599 0 0
530 130 0 0
392 545 390 1
820 13 0 0
547 694 0 0
377 967 0 0
727 721 0 0
590 735 0 0
332 98 0 0
997 228 0 0
74 286 0 0
925 167 0 0
613 716 0 0
675 704 0 0
298 966 0 0
820 661 0 0
761 184 0 0
669 608 0 0
392 566 0 0
437 499 0 0
437 685 0 0
229 402 0 0
215 883 0 0
436 827 0 0
104 267 0 0
558 124 0 0
17 333 0 0
342 692 0 0
596 32 0 0
389 377 0 0
484 705 0 0
389 707 0 0
613 260 0 0
89 195 0 0
478 630 0 0
955 219 0 0
511 854 0 0
127 515 0 0
707 408 0 0
218 663 0 0
119 395 0 0
534 384 0 0
368 70 0 0
982 247 0 0
774 70 0 0
670 383 0 0
516 429 0 0
447 141 0 0
733 598 0 0
238 718 0 0
238 636 0 0
849 262 0 0
208 490 0 0
271 473 0 0
674 333 0 0
995 565 0 0
971 198 0 0
170 36 0 0
139 511 0 0
491 828 0 0
645 714 0 0
794 480 0 0
819 456 0 0
450 295 0 0
368 290 0 0
939 789 0 0
725 51 0 0
709 591 0 0
5 580 0 0
113 -3 0 0
550 289 0 0
124 368 0 0
827 718 0 0
259 952 0 0
229 930 0 0
816 41 0 0
773 243 0 0
332 551 0 0
273 817 0 0
985 531 0 0
354 924 0 0
342 619 0 0
843 493 0 0
333 413 0 0
822 58 0 0
77 420 0 0
573 542 0 0
590 125 0 0
479 78 0 0
175 846 0 0
6 724 0 0
834 606 0 0
531 106 0 0
283 931 0 0
715 140 0 0
329 567 0 0
28 148 0 0
492 44 0 0
316 96 0 0
974 658 0 0
358 832 0 0
198 607 0 0
435 222 0 0
106 929 0 0
390 900 0 0
193 38 0 0
283 413 0 0
581 706 0 0
985 791 0 0
75 32 0 0
294 103 0 0
316 999 0 0
330 885 0 0
467 50 0 0
332 834 0 0
32 493 0 0
182 749 0 0
951 587 0 0
999 52 0 0
958 534 0 0
739 947 0 0
353 811 0 0
768 937 0 0
306 809 0 0
738 503 0 0
822 326 0 0
468 630 0 0
640 117 0 0
658 468 0 0
571 750 0 0
229 172 0 0
726 196 0 0
211 737 0 0
91 3 0 0
101 173 0 0
587 280 0 0
582 410 0 0
933 195 0 0
111 644 0 0
993 192 0 0
33 24 0 0
741 723 0 0
675 843 0 0
820 152 0 0
881 348 0 0
5 236 0 0
619 426 0 0
821 605 0 0
488 359 0 0
537 382 0 0
557 359 0 0
233 638 0 0
663 884 0 0
860 864 0 0
333 991 0 0
106 876 0 0
895 186 0 0
964 527 0 0
83 646 0 0
526 248 0 0
879 594 0 0
352 10 0 0
912 915 0 0
693 791 0 0
490 337 0 0
683 198 0 0
557 977 0 0
911 887 0 0
104 718 0 0
785 815 0 0
969 368 0 0
96 977 0 0
739 590 0 0
328 140 0 0
634 495 0 0
726 968 0 0
132 994 0 0
422 153 0 0
64 605 0 0
612 557 0 0
996 827 0 0
973 305 0 0
210 603 0 0
630 208 0 0
648 993 0 0
340 79 0 0
993 494 0 0
37 839 0 0
299 251 0 0
739 731 0 0
220 906 0 0
920 5 0 0
136 617 0 0
930 906 0 0
109 26 0 0
28 668 0 0
200 330 0 0
953 778 0 0
793 827 0 0
106 984 0 0
835 951 0 0
242 900 0 0
521 598 0 0
969 904 0 0
652 527 0 0
325 773 0 0
234 82 0 0
126 847 0 0
393 46 0 0
333 156 0 0
636 368 0 0
599 93 0 0
302 711 0 0
867 124 0 0
695 944 0 0
333 318 0 0
836 735 0 0
364 114 0 0
377 615 0 0
843 292 0 0
599 497 0 0
364 117 0 0
959 259 0 0
932 795 0 0
68 758 0 0
378 854 0 0
707 299 0 0
673 328 0 0
675 424 0 0
304 694 0 0
119 376 0 0
559 598 0 0
441 763 0 0
259 894 0 0
200 662 0 0
333 480 0 0
677 785 0 0
169 972 0 0
153 701 0 0
458 590 0 0
555 434 0 0
622 167 0 0
214 768 0 0
274 979 0 0
361 483 0 0
167 329 0 0
813 641 0 0
199 271 0 0
287 81 0 0
414 913 0 0
811 154 0 0
32 892 0 0
142 988 0 0
627 99 0 0
181 713 0 0
456 143 0 0
281 165 0 0
12 917 0 0
759 145 0 0
297 222 0 0
548 533 0 0
851 481 0 0
154 276 0 0
865 702 0 0
355 975 0 0
44 628 0 0
33 224 0 0
234 448 0 0
739 687 0 0
31 751 0 0
230 404 0 0
237 401 0 0
450 172 0 0
375 757 0 0
52 754 0 0
923 692 0 0
462 45 0 0
282 249 0 0
391 487 0 0
613 741 0 0
539 939 0 0
932 864 0 0
89 256 0 0
871 932 0 0
947 888 0 0
121 670 0 0
12 291 0 0
968 887 0 0
598 61 0 0
112 128 0 0
808 807 0 0
276 878 0 0
135 705 0 0
812 921 0 2
162 786 0 0
340 531 0 0
195 630 0 0
526 781 0 0
251 287 0 0
183 877 0 0
444 381 0 0
596 781 0 0
599 478 0 0
341 196 0 0
563 956 0 0
802 81 0 0
369 298 0 0
160 21 0 0
331 232 0 0
634 880 0 0
492 991 0 0
727 344 0 0
792 725 0 0
911 444 0 0
796 790 0 0
426 527 0 0
607 134 0 0
678 171 0 0
141 624 0 0
720 180 0 0
688 4 0 0
102 144 0 0
896 68 0 0
636 862 0 0
115 461 0 0
737 655 0 0
94 438 0 0
59 629 0 0
63 614 0 0
873 278 0 0
609 501 0 0
362 155 0 0
453 61 0 0
605 837 0 0
379 962 0 0
0 422 0 0
5 328 0 0
523 865 0 0
725 785 0 0
112 612 0 0
899 401 0 0
408 874 0 0
289 62 0 0
623 68 0 0
150 187 0 0
436 292 0 0
690 563 0 0
224 642 0 0
783 674 0 0
130 793 0 0
719 737 0 0
368 101 0 0
634 336 0 0
664 169 0 0
189 258 0 0
339 794 0 0
635 764 0 0
55 142 0 0
402 537 0 0
103 23 0 0
438 688 0 0
884 230 0 0
740 55 0 0
391 321 0 0
725 588 0 0
286 133 0 0
309 946 0 0
666 3 0 0
130 785 0 0
661 417 0 0
987 871 0 0
92 339 0 0
657 905 0 0
228 575 0 0
839 875 0 0
731 608 0 0
695 476 0 0
621 779 0 0
806 227 0 0
320 920 0 0
719 785 0 0
416 224 0 0
354 81 0 0
628 130 0 0
87 786 0 0
924 534 0 0
98 191 0 0
57 748 0 0
81 601 0 0
19 219 0 0
818 369 0 0
126 285 0 0
823 773 0 0
73 731 0 0
906 866 0 0
208 953 0 0
366 555 0 0
133 64 0 0
244 255 0 0
124 577 0 0
390 951 0 0
937 541 0 0
39 600 0 0
293 616 0 0
372 522 0 0
417 908 0 0
892 412 0 0
182 926 0 0
577 950 0 0
309 230 0 0
624 547 0 0
486 373 0 0
58 383 0 0
966 119 0 0
234 268 0 0
137 542 0 0
976 362 0 0
264 481 0 0
178 668 0 0
442 198 0 0
36 329 0 0
91 864 0 0
230 867 0 0
777 954 0 0
222 375 0 0
533 526 0 0
498 125 0 0
956 992 0 0
794 455 0 0
731 511 0 0
824 86 0 0
92 40 0 0
340 378 0 0
822 794 0 0
382 140 0 0
375 595 0 0
114 676 0 0
387 67 0 0
792 174 0 0
128 911 0 0
940 73 0 0
46 326 0 0
499 722 0 0
43 865 0 0
479 229 0 0
368 969 0 0
126 440 0 0
834 727 0 0
104 702 0 0
702 111 0 0
875 889 0 0
176 252 0 0
571 822 0 0
448 213 0 0
978 9 0 0
254 115 0 0
145 370 0 0
425 613 0 0
403 273 0 0
511 736 0 0
352 825 0 0


174 295 0 0
133 841 0 0
486 967 0 0
571 95 0 0
49 554 0 0
631 725 0 0
366 258 0 0
176 58 0 0
47 519 0 0
619 474 0 0
205 124 0 0
358 112 0 0
54 811 0 0
25 64 0 0
246 869 0 0
649 489 0 0
54 233 0 0
433 494 0 0
888 536 0 0
155 525 0 0
621 262 0 0
567 594 0 0
327 321 0 0
961 852 0 0
219 217 0 0
145 310 0 0
196 404 0 0
150 817 0 0
308 665 0 0
313 269 0 0
773 97 0 0
681 206 0 0
69 455 0 0
206 638 0 0
8 341 0 0
174 778 0 0
961 804 0 0
443 441 0 0
229 599 0 0
530 130 0 0
392 545 390 1
820 13 0 0
547 694 0 0
377 967 0 0
727 721 0 0
590 735 0 0
332 98 0 0
997 228 0 0
74 286 0 0
925 167 0 0
613 716 0 0
675 704 0 0
298 966 0 0
820 661 0 0
761 184 0 0
669 608 0 0
392 566 0 0
437 499 0 0
437 685 0 0
229 402 0 0
215 883 0 0
436 827 0 0
104 267 0 0
558 124 0 0
17 333 0 0
342 692 0 0
596 32 0 0
389 377 0 0
484 705 0 0
389 707 0 0
613 260 0 0
89 195 0 0
478 630 0 0
955 219 0 0
511 854 0 0
127 515 0 0
707 408 0 0
218 663 0 0
119 395 0 0
534 384 0 0
368 70 0 0
982 247 0 0
774 70 0 0
670 383 0 0
516 429 0 0
447 141 0 0
733 598 0 0
238 718 0 0
238 636 0 0
849 262 0 0
208 490 0 0
271 473 0 0
674 333 0 0
995 565 0 0
971 198 0 0
170 36 0 0
139 511 0 0
491 828 0 0
645 714 0 0
794 480 0 0
819 456 0 0
450 295 0 0
368 290 0 0
939 789 0 0
725 51 0 0
709 591 0 0
5 580 0 0
113 -3 0 0
550 289 0 0
124 368 0 0
827 718 0 0
259 952 0 0
229 930 0 0
816 41 0 0
773 243 0 0
332 551 0 0
273 817 0 0
985 531 0 0
354 924 0 0
342 619 0 0
843 493 0 0
333 413 0 0
822 58 0 0
77 420 0 0
573 542 0 0
590 125 0 0
479 78 0 0
175 846 0 0
6 724 0 0
834 606 0 0
531 106 0 0
283 931 0 0
715 140 0 0
329 567 0 0
28 148 0 0
492 44 0 0
316 96 0 0
974 658 0 0
358 832 0 0
198 607 0 0
435 222 0 0
106 929 0 0
390 900 0 0
193 38 0 0
283 413 0 0
581 706 0 0
985 791 0 0
75 32 0 0
294 103 0 0
316 999 0 0
330 885 0 0
467 50 0 0
332 834 0 0
32 493 0 0
182 749 0 0
951 587 0 0
999 52 0 0
958 534 0 0
739 947 0 0
353 811 0 0
768 937 0 0
306 809 0 0
738 503 0 0
822 326 0 0
468 630 0 0
640 117 0 0
658 468 0 0
571 750 0 0
229 172 0 0
726 196 0 0
211 737 0 0
91 3 0 0
101 173 0 0
587 280 0 0
582 410 0 0
933 195 0 0
111 644 0 0
993 192 0 0
33 24 0 0
741 723 0 0
675 843 0 0
820 152 0 0
881 348 0 0
5 236 0 0
619 426 0 0
821 605 0 0
488 359 0 0
537 382 0 0
557 359 0 0
233 638 0 0
663 884 0 0
860 864 0 0
333 991 0 0
106 876 0 0
895 186 0 0
964 527 0 0
83 646 0 0
526 248 0 0
879 594 0 0
352 10 0 0
912 915 0 0
693 791 0 0
490 337 0 0
683 198 0 0
557 977 0 0
911 887 0 0
104 718 0 0
785 815 0 0
969 368 0 0
96 977 0 0
739 590 0 0
328 140 0 0
634 495 0 0
726 968 0 0
132 994 0 0
422 153 0 0
64 605 0 0
612 557 0 0
996 827 0 0
973 305 0 0
210 603 0 0
630 208 0 0
648 993 0 0
340 79 0 0
993 494 0 0
37 839 0 0
299 251 0 0
739 731 0 0
220 906 0 0
920 5 0 0
136 617 0 0
930 906 0 0
109 26 0 0
28 668 0 0
200 330 0 0
953 778 0 0
793 827 0 0
106 984 0 0
835 951 0 0
242 900 0 0
521 598 0 0
969 904 0 0
652 527 0 0
325 773 0 0
234 82 0 0
126 847 0 0
393 46 0 0
333 156 0 0
636 368 0 0
599 93 0 0
302 711 0 0
867 124 0 0
695 944 0 0
333 318 0 0
836 735 0 0
364 114 0 0
377 615 0 0
843 292 0 0
599 497 0 0
364 117 0 0
959 259 0 0
932 795 0 0
68 758 0 0
378 854 0 0
707 299 0 0
673 328 0 0
675 424 0 0
304 694 0 0
119 376 0 0
559 598 0 0
441 763 0 0
259 894 0 0
200 662 0 0
333 480 0 0
677 785 0 0
169 972 0 0
153 701 0 0
458 590 0 0
555 434 0 0
622 167 0 0
214 768 0 0
274 979 0 0
361 483 0 0
167 329 0 0
813 641 0 0
199 271 0 0
287 81 0 0
414 913 0 0
811 154 0 0
32 892 0 0
142 988 0 0
627 99 0 0
181 713 0 0
456 143 0 0
281 165 0 0
12 917 0 0
759 145 0 0
297 222 0 0
548 533 0 0
851 481 0 0
154 276 0 0
865 702 0 0
355 975 0 0
44 628 0 0
33 224 0 0
234 448 0 0
739 687 0 0
31 751 0 0
230 404 0 0
237 401 0 0
450 172 0 0
375 757 0 0
52 754 0 0
923 692 0 0
462 45 0 0
282 249 0 0
391 487 0 0
613 741 0 0
539 939 0 0
932 864 0 0
89 256 0 0
871 932 0 0
947 888 0 0
121 670 0 0
12 291 0 0
968 887 0 0
598 61 0 0
112 128 0 0
808 807 0 0
276 878 0 0
135 705 0 0
812 921 0 2
162 786 0 0
340 531 0 0
195 630 0 0
526 781 0 0
251 287 0 0
183 877 0 0
444 381 0 0
596 781 0 0
599 478 0 0
341 196 0 0
563 956 0 0
802 81 0 0
369 298 0 0
160 21 0 0
331 232 0 0
634 880 0 0
492 991 0 0
727 344 0 0
792 725 0 0
911 444 0 0
796 790 0 0
426 527 0 0
607 134 0 0
678 171 0 0
141 624 0 0
720 180 0 0
688 4 0 0
102 144 0 0
896 68 0 0
636 862 0 0
115 461 0 0
737 655 0 0
94 438 0 0
59 629 0 0
63 614 0 0
873 278 0 0
609 501 0 0
362 155 0 0
453 61 0 0
605 837 0 0
379 962 0 0
0 422 0 0
5 328 0 0
523 865 0 0
725 785 0 0
112 612 0 0
899 401 0 0
408 874 0 0
289 62 0 0
623 68 0 0
150 187 0 0
436 292 0 0
690 563 0 0
224 642 0 0
783 674 0 0
130 793 0 0
719 737 0 0
368 101 0 0
634 336 0 0
664 169 0 0
189 258 0 0
339 794 0 0
635 764 0 0
55 142 0 0
402 537 0 0
103 23 0 0
438 688 0 0
884 230 0 0
740 55 0 0
391 321 0 0
725 588 0 0
286 133 0 0
309 946 0 0
666 3 0 0
130 785 0 0
661 417 0 0
987 871 0 0
92 339 0 0
657 905 0 0
228 575 0 0
839 875 0 0
731 608 0 0
695 476 0 0
621 779 0 0
806 227 0 0
320 920 0 0
719 785 0 0
416 224 0 0
354 81 0 0
628 130 0 0
87 786 0 0
924 534 0 0
98 191 0 0
57 748 0 0
81 601 0 0
19 219 0 0
818 369 0 0
126 285 0 0
823 773 0 0
73 731 0 0
906 866 0 0
208 953 0 0
366 555 0 0
133 64 0 0
244 255 0 0
124 577 0 0
390 951 0 0
937 541 0 0
39 600 0 0
293 616 0 0
372 522 0 0
417 908 0 0
892 412 0 0
182 926 0 0
577 950 0 0
309 230 0 0
624 547 0 0
486 373 0 0
58 383 0 0
966 119 0 0
234 268 0 0
137 542 0 0
976 362 0 0
264 481 0 0
178 668 0 0
442 198 0 0
36 329 0 0
91 864 0 0
230 867 0 0
777 954 0 0
222 375 0 0
533 526 0 0
498 125 0 0
956 992 0 0
794 455 0 0
731 511 0 0
824 86 0 0
92 40 0 0
340 378 0 0
822 794 0 0
382 140 0 0
375 595 0 0
114 676 0 0
387 67 0 0
792 174 0 0
128 911 0 0
940 73 0 0
46 326 0 0
499 722 0 0
43 865 0 0
479 229 0 0
368 969 0 0
126 440 0 0
834 727 0 0
104 702 0 0
702 111 0 0
875 889 0 0
176 252 0 0
571 822 0 0
448 213 0 0
978 9 0 0
254 115 0 0
145 370 0 0
425 613 0 0
403 273 0 0
511 736 0 0
352 825 0 0


174 295 0 0
132 843 0 0
488 964 0 0
571 95 0 0
50 553 0 0
631 725 0 0
366 258 0 0
176 58 0 0
43 523 0 0
619 474 0 0
208 124 0 0
358 112 0 0
54 811 0 0
25 64 0 0
249 870 0 0
649 489 0 0
54 233 0 0
433 494 0 0
892 533 0 0
153 526 0 0
621 262 0 0
567 594 0 0
327 321 0 0
961 852 0 0
216 215 0 0
145 310 0 0
192 399 0 0
150 817 0 0
304 661 0 0
313 269 0 0
773 97 0 0
684 204 0 0
69 455 0 0
206 638 0 0
9 341 0 0
176 773 0 0
961 804 0 0
443 441 0 0
225 600 0 0
531 134 0 0
388 543 390 1
817 12 0 0
542 689 0 0
377 967 0 0
725 716 0 0
590 735 0 0
332 98 0 0
997 228 0 0
74 286 0 0
925 167 0 0
613 716 0 0
671 699 0 0
298 966 0 0
821 663 0 0
757 182 0 0
664 612 0 0
392 566 0 0
437 499 0 0
437 685 0 0
228 401 0 0
217 878 0 0
436 827 0 0
108 268 0 0
558 124 0 0
21 332 0 0
344 694 0 0
599 32 0 2
389 377 0 0
485 701 0 0
389 707 0 0
612 257 0 0
90 194 0 0
473 632 0 0
955 219 0 0
511 854 0 0
127 515 0 0
704 405 0 0
218 663 0 0
120 393 0 0
534 384 0 0
367 72 0 0
982 248 0 0
774 70 0 0
670 383 0 0
518 425 0 0
447 139 0 0
730 601 0 0
238 718 0 0
239 636 0 0
852 264 0 0
206 493 0 0
273 474 0 0
674 333 0 0
990 567 0 0
967 200 0 0
170 36 0 0
143 514 0 0
491 828 0 0
649 718 0 0
794 480 0 0
819 456 0 0
446 298 0 0
368 290 0 0
935 792 0 0
723 55 0 0
709 591 0 0
9 581 0 0
114 -4 0 0
550 289 0 0
124 368 0 0
830 720 0 0
263 951 0 0
229 930 0 0
813 39 0 0
769 240 0 0
332 551 0 0
270 819 0 0
985 531 0 0
350 920 0 0
338 622 0 0
841 497 0 0
332 410 0 0
822 58 0 0
77 420 0 0
575 537 0 0
590 125 0 0
479 78 0 0
175 846 0 0
9 726 0 0
838 603 0 0
531 106 0 0
281 930 0 0
714 141 0 0
325 566 0 0
30 149 0 0
493 43 0 0
316 96 0 0
974 658 0 0
354 828 0 0
202 611 0 0
438 226 0 0
106 928 0 0
390 900 0 0
193 38 0 0
279 410 0 0
577 702 0 0
985 791 0 0
77 28 0 0
294 103 0 0
319 998 0 0
330 885 0 0
466 48 0 0
332 834 0 0
32 493 0 0
183 746 0 0
951 587 0 0
999 52 0 0
958 534 0 0
739 947 0 0
348 815 0 0
768 937 0 0
302 804 0 0
741 499 0 0
819 322 0 0
463 631 0 0
637 121 0 0
655 467 0 0
566 753 0 0
229 172 0 0
728 196 0 0
211 737 0 0
91 0 0 0
101 173 0 0
590 278 0 0
578 408 0 0
933 195 0 0
111 644 0 0
993 192 0 0
29 26 0 0
741 723 0 0
675 844 0 0
820 152 0 0
879 351 0 0
5 236 0 0
620 428 0 0
821 605 0 0
489 354 0 0
539 384 0 0
557 359 0 0
233 638 0 0
663 884 0 0
856 860 0 0
333 991 0 0
101 877 0 0
895 186 0 0
959 525 0 0
83 646 0 0
526 248 0 0
881 597 0 0
348 5 0 0
912 915 0 0
697 786 0 0
490 340 0 0
684 198 0 0
561 972 0 0
911 887 0 0
102 717 0 0
785 815 0 0
966 363 0 0
99 978 0 0
739 590 0 0
328 140 0 0
634 499 0 0
726 968 0 0
132 994 0 0
422 153 0 0
66 601 0 0
615 557 0 0
996 827 0 0
969 305 0 0
207 599 0 0
626 209 0 0
648 993 0 0
343 83 0 0
993 494 0 0
36 843 0 0
297 246 0 0
739 728 0 0
220 906 0 0
920 5 0 0
133 618 0 0
926 904 0 0
109 26 0 0
28 668 0 0
200 330 0 0
954 777 0 0
793 827 0 0
104 982 0 0
838 953 0 0
242 900 0 0
521 598 0 0
969 904 0 0
648 527 0 0
320 776 0 0
236 82 0 0
126 847 0 0
394 50 0 0
336 153 0 0
635 372 0 0
595 88 0 0
302 711 0 0
867 124 0 0
695 944 0 0
331 314 0 0
836 735 0 0
364 114 0 0
381 617 0 0
845 288 0 0
599 497 0 0
361 120 0 0
959 259 0 0
932 795 0 0
68 758 0 0
378 854 0 0
711 301 0 0
676 327 0 0
675 424 0 0
304 694 0 0
119 376 0 0
563 598 0 0
441 763 0 0
259 894 0 0
200 662 0 0
333 480 0 0
677 785 0 0
169 976 0 0
154 703 0 0
462 591 0 0
555 434 0 0
626 169 0 0
214 768 0 0
274 979 0 0
361 483 0 0
167 329 0 0
813 636 0 0
202 271 0 0
287 81 0 0
415 908 0 0
814 150 0 0
29 888 0 0
138 985 0 0
627 99 0 0
183 714 0 0
456 143 0 0
281 165 0 0
10 915 0 0
755 147 0 0
299 220 0 0
548 533 0 0
849 478 0 0
154 276 0 0
861 698 0 0
355 975 0 0
44 628 0 0
32 227 0 0
236 447 0 0
739 687 0 0
31 751 0 0
226 399 0 0
237 401 0 0
445 176 0 0
375 757 0 0
52 754 0 0
922 687 0 0
463 46 0 0
282 249 0 0
392 486 0 0
614 745 0 0
541 936 0 0
932 864 0 0
89 256 0 0
875 932 0 0
947 888 0 0
118 667 0 0
12 291 0 0
971 890 0 0
600 60 0 0
112 128 0 0
804 806 0 0
276 878 0 0
131 707 0 0
807 925 0 2
164 781 0 0
344 534 0 0
198 630 0 0
521 780 0 0
251 287 0 0
178 881 0 0
444 381 0 0
596 781 0 0
599 478 0 0
342 191 0 0
563 956 0 0
802 81 0 0
367 302 0 0
164 19 0 0
332 234 0 0
630 882 0 0
494 988 0 0
725 348 0 0
792 725 0 0
911 444 0 0
796 790 0 0
426 527 0 0
607 134 0 0
676 170 0 0
141 624 0 0
720 180 0 0
688 4 0 0
102 144 0 0
896 68 0 0
637 858 0 0
115 461 0 0
738 657 0 0
97 436 0 0
54 626 0 0
64 609 0 0
873 278 0 0
609 501 0 0
362 155 0 0
453 61 0 0
605 837 0 0
382 963 0 0
0 422 0 0
5 328 0 0
523 865 0 0
725 785 0 0
110 607 0 0
902 396 0 0
403 874 0 0
289 65 0 0
623 68 0 0
146 182 0 0
439 296 0 0
687 567 0 0
222 637 0 0
783 674 0 0
130 793 0 0
722 737 0 0
364 100 0 0
634 333 0 0
662 173 0 0
191 254 0 0
339 794 0 0
635 759 0 0
51 146 0 0
402 537 0 0
107 27 0 0
440 683 0 0
884 230 0 0
740 55 0 0
391 321 0 0
726 589 0 0
286 137 0 0
306 950 0 0
666 3 0 0
130 785 0 0
664 421 0 0
987 871 0 0
91 340 0 0
653 906 0 0
228 575 0 0
836 878 0 0
732 611 0 0
695 476 0 0
617 776 0 0
806 227 0 0
320 920 0 0
719 785 0 0
419 221 0 0
354 81 0 0
628 130 0 0
85 784 0 0
924 534 0 0
97 189 0 0
57 748 0 0
81 601 0 0
19 218 0 0
818 369 0 0
126 285 0 0
820 770 0 0
73 731 0 0
906 862 0 0
205 953 0 0
364 555 0 0
133 64 0 0
244 255 0 0
126 573 0 0
388 951 0 0
933 543 0 0
39 600 0 0
290 616 0 0
372 522 0 0
421 908 0 0
892 412 0 0
182 926 0 0
573 950 0 0
306 232 0 0
624 547 0 0
490 376 0 0
53 379 0 0
966 119 0 0
234 268 0 0
132 537 0 0
976 362 0 0
260 480 0 0
178 668 0 0
442 194 0 0
36 329 0 0
91 864 0 0
233 865 0 0
775 955 0 0
223 377 0 0
530 525 0 0
493 122 0 0
956 992 0 0
794 455 0 0
730 514 0 0
820 81 0 0
92 40 0 0
342 377 0 0
822 794 0 0
383 136 0 0
372 591 0 0
111 673 0 0
390 62 0 0
792 174 0 0
130 912 0 0
940 73 0 0
46 326 0 0
499 722 0 0
44 864 0 0
480 229 0 0
368 969 0 0
130 440 0 0
829 731 0 0
104 702 0 0
702 112 0 0
878 886 0 0
176 252 0 0
571 822 0 0
448 213 0 0
978 9 0 0
254 115 0 0
144 369 0 0
425 613 0 0
403 273 0 0
511 736 0 0
352 825 0 0


174 295 0 0
132 843 0 0
488 964 0 0
571 95 0 0
50 553 0 0
631 725 0 0
366 258 0 0
176 58 0 0
43 523 0 0
619 474 0 0
208 124 0 0
358 112 0 0
54 811 0 0
25 64 0 0
249 870 0 0
649 489 0 0
54 233 0 0
433 494 0 0
892 533 0 0
153 526 0 0
621 262 0 0
567 594 0 0
327 321 0 0
961 852 0 0
216 215 0 0
145 310 0 0
192 399 0 0
150 817 0 0
304 661 0 0
313 269 0 0
773 97 0 0
684 204 0 0
69 455 0 0
206 638 0 0
9 341 0 0
176 773 0 0
961 804 0 0
443 441 0 0
225 600 0 0
531 134 0 0
388 543 390 1
817 12 0 0
542 689 0 0
377 967 0 0
725 716 0 0
590 735 0 0
332 98 0 0
997 228 0 0
74 286 0 0
925 167 0 0
613 716 0 0
671 699 0 0
298 966 0 0
821 663 0 0
757 182 0 0
664 612 0 0
392 566 0 0
437 499 0 0
437 685 0 0
228 401 0 0
217 878 0 0
436 827 0 0
108 268 0 0
558 124 0 0
21 332 0 0
344 694 0 0
599 32 0 2
389 377 0 0
485 701 0 0
389 707 0 0
612 257 0 0
90 194 0 0
473 632 0 0
955 219 0 0
511 854 0 0
127 515 0 0
704 405 0 0
218 663 0 0
120 393 0 0
534 384 0 0
367 72 0 0
982 248 0 0
774 70 0 0
670 383 0 0
518 425 0 0
447 139 0 0
730 601 0 0
238 718 0 0
239 636 0 0
852 264 0 0
206 493 0 0
273 474 0 0
674 333 0 0
990 567 0 0
967 200 0 0
170 36 0 0
143 514 0 0
491 828 0 0
649 718 0 0
794 480 0 0
819 456 0 0
446 298 0 0
368 290 0 0
935 792 0 0
723 55 0 0
709 591 0 0
9 581 0 0
114 -4 0 0
550 289 0 0
124 368 0 0
830 720 0 0
263 951 0 0
229 930 0 0
813 39 0 0
769 240 0 0
332 551 0 0
270 819 0 0
985 531 0 0
350 920 0 0
338 622 0 0
841 497 0 0
332 410 0 0
822 58 0 0
77 420 0 0
575 537 0 0
590 125 0 0
479 78 0 0
175 846 0 0
9 726 0 0
838 603 0 0
531 106 0 0
281 930 0 0
714 141 0 0
325 566 0 0
30 149 0 0
493 43 0 0
316 96 0 0
974 658 0 0
354 828 0 0
202 611 0 0
438 226 0 0
106 928 0 0
390 900 0 0
193 38 0 0
279 410 0 0
577 702 0 0
985 791 0 0
77 28 0 0
294 103 0 0
319 998 0 0
330 885 0 0
466 48 0 0
332 834 0 0
32 493 0 0
183 746 0 0
951 587 0 0
999 52 0 0
958 534 0 0
739 947 0 0
348 815 0 0
768 937 0 0
302 804 0 0
741 499 0 0
819 322 0 0
463 631 0 0
637 121 0 0
655 467 0 0
566 753 0 0
229 172 0 0
728 196 0 0
211 737 0 0
91 0 0 0
101 173 0 0
590 278 0 0
578 408 0 0
933 195 0 0
111 644 0 0
993 192 0 0
29 26 0 0
741 723 0 0
675 844 0 0
820 152 0 0
879 351 0 0
5 236 0 0
620 428 0 0
821 605 0 0
489 354 0 0
539 384 0 0
557 359 0 0
233 638 0 0
663 884 0 0
856 860 0 0
333 991 0 0
101 877 0 0
895 186 0 0
959 525 0 0
83 646 0 0
526 248 0 0
881 597 0 0
348 5 0 0
912 915 0 0
697 786 0 0
490 340 0 0
684 198 0 0
561 972 0 0
911 887 0 0
102 717 0 0
785 815 0 0
966 363 0 0
99 978 0 0
739 590 0 0
328 140 0 0
634 499 0 0
726 968 0 0
132 994 0 0
422 153 0 0
66 601 0 0
615 557 0 0
996 827 0 0
969 305 0 0
207 599 0 0
626 209 0 0
648 993 0 0
343 83 0 0
993 494 0 0
36 843 0 0
297 246 0 0
739 728 0 0
220 906 0 0
920 5 0 0
133 618 0 0
926 904 0 0
109 26 0 0
28 668 0 0
200 330 0 0
954 777 0 0
793 827 0 0
104 982 0 0
838 953 0 0
242 900 0 0
521 598 0 0
969 904 0 0
648 527 0 0
320 776 0 0
236 82 0 0
126 847 0 0
394 50 0 0
336 153 0 0
635 372 0 0
595 88 0 0
302 711 0 0
867 124 0 0
695 944 0 0
331 314 0 0
836 735 0 0
364 114 0 0
381 617 0 0
845 288 0 0
599 497 0 0
361 120 0 0
959 259 0 0
932 795 0 0
68 758 0 0
378 854 0 0
711 301 0 0
676 327 0 0
675 424 0 0
304 694 0 0
119 376 0 0
563 598 0 0
441 763 0 0
259 894 0 0
200 662 0 0
333 480 0 0
677 785 0 0
169 976 0 0
154 703 0 0
462 591 0 0
555 434 0 0
626 169 0 0
214 768 0 0
274 979 0 0
361 483 0 0
167 329 0 0
813 636 0 0
202 271 0 0
287 81 0 0
415 908 0 0
814 150 0 0
29 888 0 0
138 985 0 0
627 99 0 0
183 714 0 0
456 143 0 0
281 165 0 0
10 915 0 0
755 147 0 0
299 220 0 0
548 533 0 0
849 478 0 0
154 276 0 0
861 698 0 0
355 975 0 0
44 628 0 0
32 227 0 0
236 447 0 0
739 687 0 0
31 751 0 0
226 399 0 0
237 401 0 0
445 176 0 0
375 757 0 0
52 754 0 0
922 687 0 0
463 46 0 0
282 249 0 0
392 486 0 0
614 745 0 0
541 936 0 0
932 864 0 0
89 256 0 0
875 932 0 0
947 888 0 0
118 667 0 0
12 291 0 0
971 890 0 0
600 60 0 0
112 128 0 0
804 806 0 0
276 878 0 0
131 707 0 0
807 925 0 2
164 781 0 0
344 534 0 0
198 630 0 0
521 780 0 0
251 287 0 0
178 881 0 0
444 381 0 0
596 781 0 0
599 478 0 0
342 191 0 0
563 956 0 0
802 81 0 0
367 302 0 0
164 19 0 0
332 234 0 0
630 882 0 0
494 988 0 0
725 348 0 0
792 725 0 0
911 444 0 0
796 790 0 0
426 527 0 0
607 134 0 0
676 170 0 0
141 624 0 0
720 180 0 0
688 4 0 0
102 144 0 0
896 68 0 0
637 858 0 0
115 461 0 0
738 657 0 0
97 436 0 0
54 626 0 0
64 609 0 0
873 278 0 0
609 501 0 0
362 155 0 0
453 61 0 0
605 837 0 0
382 963 0 0
0 422 0 0
5 328 0 0
523 865 0 0
725 785 0 0
110 607 0 0
902 396 0 0
403 874 0 0
289 65 0 0
623 68 0 0
146 182 0 0
439 296 0 0
687 567 0 0
222 637 0 0
783 674 0 0
130 793 0 0
722 737 0 0
364 100 0 0
634 333 0 0
662 173 0 0
191 254 0 0
339 794 0 0
635 759 0 0
51 146 0 0
402 537 0 0
107 27 0 0
440 683 0 0
884 230 0 0
740 55 0 0
391 321 0 0
726 589 0 0
286 137 0 0
306 950 0 0
666 3 0 0
130 785 0 0
664 421 0 0
987 871 0 0
91 340 0 0
653 906 0 0
228 575 0 0
836 878 0 0
732 611 0 0
695 476 0 0
617 776 0 0
806 227 0 0
320 920 0 0
719 785 0 0
419 221 0 0
354 81 0 0
628 130 0 0
85 784 0 0
924 534 0 0
97 189 0 0
57 748 0 0
81 601 0 0
19 218 0 0
818 369 0 0
126 285 0 0
820 770 0 0
73 731 0 0
906 862 0 0
205 953 0 0
364 555 0 0
133 64 0 0
244 255 0 0
126 573 0 0
388 951 0 0
933 543 0 0
39 600 0 0
290 616 0 0
372 522 0 0
421 908 0 0
892 412 0 0
182 926 0 0
573 950 0 0
306 232 0 0
624 547 0 0
490 376 0 0
53 379 0 0
966 119 0 0
234 268 0 0
132 537 0 0
976 362 0 0
260 480 0 0
178 668 0 0
442 194 0 0
36 329 0 0
91 864 0 0
233 865 0 0
775 955 0 0
223 377 0 0
530 525 0 0
493 122 0 0
956 992 0 0
794 455 0 0
730 514 0 0
820 81 0 0
92 40 0 0
342 377 0 0
822 794 0 0
383 136 0 0
372 591 0 0
111 673 0 0
390 62 0 0
792 174 0 0
130 912 0 0
940 73 0 0
46 326 0 0
499 722 0 0
44 864 0 0
480 229 0 0
368 969 0 0
130 440 0 0
829 731 0 0
104 702 0 0
702 112 0 0
878 886 0 0
176 252 0 0
571 822 0 0
448 213 0 0
978 9 0 0
254 115 0 0
144 369 0 0
425 613 0 0
403 273 0 0
511 736 0 0
352 825 0 0


174 295 0 0
132 843 0 0
488 964 0 0
571 95 0 0
50 553 0 0
631 725 0 0
366 258 0 0
176 58 0 0
43 523 0 0
619 474 0 0
208 124 0 0
358 112 0 0
54 811 0 0
25 64 0 0
249 870 0 0
649 489 0 0
54 233 0 0
433 494 0 0
892 533 0 0
153 526 0 0
621 262 0 0
567 594 0 0
327 321 0 0
961 852 0 0
216 215 0 0
145 310 0 0
192 399 0 0
150 817 0 0
304 661 0 0
313 269 0 0
773 97 0 0
684 204 0 0
69 455 0 0
206 638 0 0
9 341 0 0
176 773 0 0
961 804 0 0
443 441 0 0
225 600 0 0
531 134 0 0
388 543 390 1
817 12 0 0
542 689 0 0
377 967 0 0
725 716 0 0
590 735 0 0
332 98 0 0
997 228 0 0
74 286 0 0
925 167 0 0
613 716 0 0
671 699 0 0
298 966 0 0
821 663 0 0
757 182 0 0
664 612 0 0
392 566 0 0
437 499 0 0
437 685 0 0
228 401 0 0
217 878 0 0
436 827 0 0
108 268 0 0
558 124 0 0
21 332 0 0
344 694 0 0
599 32 0 2
389 377 0 0
485 701 0 0
389 707 0 0
612 257 0 0
90 194 0 0
473 632 0 0
955 219 0 0
511 854 0 0
127 515 0 0
704 405 0 0
218 663 0 0
120 393 0 0
534 384 0 0
367 72 0 0
982 248 0 0
774 70 0 0
670 383 0 0
518 425 0 0
447 139 0 0
730 601 0 0
238 718 0 0
239 636 0 0
852 264 0 0
206 493 0 0
273 474 0 0
674 333 0 0
990 567 0 0
967 200 0 0
170 36 0 0
143 514 0 0
491 828 0 0
649 718 0 0
794 480 0 0
819 456 0 0
446 298 0 0
368 290 0 0
935 792 0 0
723 55 0 0
709 591 0 0
9 581 0 0
114 -4 0 0
550 289 0 0
124 368 0 0
830 720 0 0
263 951 0 0
229 930 0 0
813 39 0 0
769 240 0 0
332 551 0 0
270 819 0 0
985 531 0 0
350 920 0 0
338 622 0 0
841 497 0 0
332 410 0 0
822 58 0 0
77 420 0 0
575 537 0 0
590 125 0 0
479 78 0 0
175 846 0 0
9 726 0 0
838 603 0 0
531 106 0 0
281 930 0 0
714 141 0 0
325 566 0 0
30 149 0 0
493 43 0 0
316 96 0 0
974 658 0 0
354 828 0 0
202 611 0 0
438 226 0 0
106 928 0 0
390 900 0 0
193 38 0 0
279 410 0 0
577 702 0 0
985 791 0 0
77 28 0 0
294 103 0 0
319 998 0 0
330 885 0 0
466 48 0 0
332 834 0 0
32 493 0 0
183 746 0 0
951 587 0 0
999 52 0 0
958 534 0 0
739 947 0 0
348 815 0 0
768 937 0 0
302 804 0 0
741 499 0 0
819 322 0 0
463 631 0 0
637 121 0 0
655 467 0 0
566 753 0 0
229 172 0 0
728 196 0 0
211 737 0 0
91 0 0 0
101 173 0 0
590 278 0 0
578 408 0 0
933 195 0 0
111 644 0 0
993 192 0 0
29 26 0 0
741 723 0 0
675 844 0 0
820 152 0 0
879 351 0 0
5 236 0 0
620 428 0 0
821 605 0 0
489 354 0 0
539 384 0 0
557 359 0 0
233 638 0 0
663 884 0 0
856 860 0 0
333 991 0 0
101 877 0 0
895 186 0 0
959 525 0 0
83 646 0 0
526 248 0 0
881 597 0 0
348 5 0 0
912 915 0 0
697 786 0 0
490 340 0 0
684 198 0 0
561 972 0 0
911 887 0 0
102 717 0 0
785 815 0 0
966 363 0 0
99 978 0 0
739 590 0 0
328 140 0 0
634 499 0 0
726 968 0 0
132 994 0 0
422 153 0 0
66 601 0 0
615 557 0 0
996 827 0 0
969 305 0 0
207 599 0 0
626 209 0 0
648 993 0 0
343 83 0 0
993 494 0 0
36 843 0 0
297 246 0 0
739 728 0 0
220 906 0 0
920 5 0 0
133 618 0 0
926 904 0 0
109 26 0 0
28 668 0 0
200 330 0 0
954 777 0 0
793 827 0 0
104 982 0 0
838 953 0 0
242 900 0 0
521 598 0 0
969 904 0 0
648 527 0 0
320 776 0 0
236 82 0 0
126 847 0 0
394 50 0 0
336 153 0 0
635 372 0 0
595 88 0 0
302 711 0 0
867 124 0 0
695 944 0 0
331 314 0 0
836 735 0 0
364 114 0 0
381 617 0 0
845 288 0 0
599 497 0 0
361 120 0 0
959 259 0 0
932 795 0 0
68 758 0 0
378 854 0 0
711 301 0 0
676 327 0 0
675 424 0 0
304 694 0 0
119 376 0 0
563 598 0 0
441 763 0 0
259 894 0 0
200 662 0 0
333 480 0 0
677 785 0 0
169 976 0 0
154 703 0 0
462 591 0 0
555 434 0 0
626 169 0 0
214 768 0 0
274 979 0 0
361 483 0 0
167 329 0 0
813 636 0 0
202 271 0 0
287 81 0 0
415 908 0 0
814 150 0 0
29 888 0 0
138 985 0 0
627 99 0 0
183 714 0 0
456 143 0 0
281 165 0 0
10 915 0 0
755 147 0 0
299 220 0 0
548 533 0 0
849 478 0 0
154 276 0 0
861 698 0 0
355 975 0 0
44 628 0 0
32 227 0 0
236 447 0 0
739 687 0 0
31 751 0 0
226 399 0 0
237 401 0 0
445 176 0 0
375 757 0 0
52 754 0 0
922 687 0 0
463 46 0 0
282 249 0 0
392 486 0 0
614 745 0 0
541 936 0 0
932 864 0 0
89 256 0 0
875 932 0 0
947 888 0 0
118 667 0 0
12 291 0 0
971 890 0 0
600 60 0 0
112 128 0 0
804 806 0 0
276 878 0 0
131 707 0 0
807 925 0 2
164 781 0 0
344 534 0 0
198 630 0 0
521 780 0 0
251 287 0 0
178 881 0 0
444 381 0 0
596 781 0 0
599 478 0 0
342 191 0 0
563 956 0 0
802 81 0 0
367 302 0 0
164 19 0 0
332 234 0 0
630 882 0 0
494 988 0 0
725 348 0 0
792 725 0 0
911 444 0 0
796 790 0 0
426 527 0 0
607 134 0 0
676 170 0 0
141 624 0 0
720 180 0 0
688 4 0 0
102 144 0 0
896 68 0 0
637 858 0 0
115 461 0 0
738 657 0 0
97 436 0 0
54 626 0 0
64 609 0 0
873 278 0 0
609 501 0 0
362 155 0 0
453 61 0 0
605 837 0 0
382 963 0 0
0 422 0 0
5 328 0 0
523 865 0 0
725 785 0 0
110 607 0 0
902 396 0 0
403 874 0 0
289 65 0 0
623 68 0 0
146 182 0 0
439 296 0 0
687 567 0 0
222 637 0 0
783 674 0 0
130 793 0 0
722 737 0 0
364 100 0 0
634 333 0 0
662 173 0 0
191 254 0 0
339 794 0 0
635 759 0 0
51 146 0 0
402 537 0 0
107 27 0 0
440 683 0 0
884 230 0 0
740 55 0 0
391 321 0 0
726 589 0 0
286 137 0 0
306 950 0 0
666 3 0 0
130 785 0 0
664 421 0 0
987 871 0 0
91 340 0 0
653 906 0 0
228 575 0 0
836 878 0 0
732 611 0 0
695 476 0 0
617 776 0 0
806 227 0 0
320 920 0 0
719 785 0 0
419 221 0 0
354 81 0 0
628 130 0 0
85 784 0 0
924 534 0 0
97 189 0 0
57 748 0 0
81 601 0 0
19 218 0 0
818 369 0 0
126 285 0 0
820 770 0 0
73 731 0 0
906 862 0 0
205 953 0 0
364 555 0 0
133 64 0 0
244 255 0 0
126 573 0 0
388 951 0 0
933 543 0 0
39 600 0 0
290 616 0 0
372 522 0 0
421 908 0 0
892 412 0 0
182 926 0 0
573 950 0 0
306 232 0 0
624 547 0 0
490 376 0 0
53 379 0 0
966 119 0 0
234 268 0 0
132 537 0 0
976 362 0 0
260 480 0 0
178 668 0 0
442 194 0 0
36 329 0 0
91 864 0 0
233 865 0 0
775 955 0 0
223 377 0 0
530 525 0 0
493 122 0 0
956 992 0 0
794 455 0 0
730 514 0 0
820 81 0 0
92 40 0 0
342 377 0 0
822 794 0 0
383 136 0 0
372 591 0 0
111 673 0 0
390 62 0 0
792 174 0 0
130 912 0 0
940 73 0 0
46 326 0 0
499 722 0 0
44 864 0 0
480 229 0 0
368 969 0 0
130 440 0 0
829 731 0 0
104 702 0 0
702 112 0 0
878 886 0 0
176 252 0 0
571 822 0 0
448 213 0 0
978 9 0 0
254 115 0 0
144 369 0 0
425 613 0 0
403 273 0 0
511 736 0 0
352 825 0 0


174 295 0 0
132 843 0 0
488 964 0 0
571 95 0 0
50 553 0 0
631 725 0 0
366 258 0 0
176 58 0 0
43 523 0 0
619 474 0 0
208 124 0 0
358 112 0 0
54 811 0 0
25 64 0 0
249 870 0 0
649 489 0 0
54 233 0 0
433 494 0 0
892 533 0 0
153 526 0 0
621 262 0 0
567 594 0 0
327 321 0 0
961 852 0 0
216 215 0 0
145 310 0 0
192 399 0 0
150 817 0 0
304 661 0 0
313 269 0 0
773 97 0 0
684 204 0 0
69 455 0 0
206 638 0 0
9 341 0 0
176 773 0 0
961 804 0 0
443 441 0 0
225 600 0 0
531 134 0 0
388 543 390 1
817 12 0 0
542 689 0 0
377 967 0 0
725 716 0 0
590 735 0 0
332 98 0 0
997 228 0 0
74 286 0 0
925 167 0 0
613 716 0 0
671 699 0 0
298 966 0 0
821 663 0 0
757 182 0 0
664 612 0 0
392 566 0 0
437 499 0 0
437 685 0 0
228 401 0 0
217 878 0 0
436 827 0 0
108 268 0 0
558 124 0 0
21 332 0 0
344 694 0 0
599 32 0 2
389 377 0 0
485 701 0 0
389 707 0 0
612 257 0 0
90 194 0 0
473 632 0 0
955 219 0 0
511 854 0 0
127 515 0 0
704 405 0 0
218 663 0 0
120 393 0 0
534 384 0 0
367 72 0 0
982 248 0 0
774 70 0 0
670 383 0 0
518 425 0 0
447 139 0 0
730 601 0 0
238 718 0 0
239 636 0 0
852 264 0 0
206 493 0 0
273 474 0 0
674 333 0 0
990 567 0 0
967 200 0 0
170 36 0 0
143 514 0 0
491 828 0 0
649 718 0 0
794 480 0 0
819 456 0 0
446 298 0 0
368 290 0 0
935 792 0 0
723 55 0 0
709 591 0 0
9 581 0 0
114 -4 0 0
550 289 0 0
124 368 0 0
830 720 0 0
263 951 0 0
229 930 0 0
813 39 0 0
769 240 0 0
332 551 0 0
270 819 0 0
985 531 0 0
350 920 0 0
338 622 0 0
841 497 0 0
332 410 0 0
822 58 0 0
77 420 0 0
575 537 0 0
590 125 0 0
479 78 0 0
175 846 0 0
9 726 0 0
838 603 0 0
531 106 0 0
281 930 0 0
714 141 0 0
325 566 0 0
30 149 0 0
493 43 0 0
316 96 0 0
974 658 0 0
354 828 0 0
202 611 0 0
438 226 0 0
106 928 0 0
390 900 0 0
193 38 0 0
279 410 0 0
577 702 0 0
985 791 0 0
77 28 0 0
294 103 0 0
319 998 0 0
330 885 0 0
466 48 0 0
332 834 0 0
32 493 0 0
183 746 0 0
951 587 0 0
999 52 0 0
958 534 0 0
739 947 0 0
348 815 0 0
768 937 0 0
302 804 0 0
741 499 0 0
819 322 0 0
463 631 0 0
637 121 0 0
655 467 0 0
566 753 0 0
229 172 0 0
728 196 0 0
211 737 0 0
91 0 0 0
101 173 0 0
590 278 0 0
578 408 0 0
933 195 0 0
111 644 0 0
993 192 0 0
29 26 0 0
741 723 0 0
675 844 0 0
820 152 0 0
879 351 0 0
5 236 0 0
620 428 0 0
821 605 0 0
489 354 0 0
539 384 0 0
557 359 0 0
233 638 0 0
663 884 0 0
856 860 0 0
333 991 0 0
101 877 0 0
895 186 0 0
959 525 0 0
83 646 0 0
526 248 0 0
881 597 0 0
348 5 0 0
912 915 0 0
697 786 0 0
490 340 0 0
684 198 0 0
561 972 0 0
911 887 0 0
102 717 0 0
785 815 0 0
966 363 0 0
99 978 0 0
739 590 0 0
328 140 0 0
634 499 0 0
726 968 0 0
132 994 0 0
422 153 0 0
66 601 0 0
615 557 0 0
996 827 0 0
969 305 0 0
207 599 0 0
626 209 0 0
648 993 0 0
343 83 0 0
993 494 0 0
36 843 0 0
297 246 0 0
739 728 0 0
220 906 0 0
920 5 0 0
133 618 0 0
926 904 0 0
109 26 0 0
28 668 0 0
200 330 0 0
954 777 0 0
793 827 0 0
104 982 0 0
838 953 0 0
242 900 0 0
521 598 0 0
969 904 0 0
648 527 0 0
320 776 0 0
236 82 0 0
126 847 0 0
394 50 0 0
336 153 0 0
635 372 0 0
595 88 0 0
302 711 0 0
867 124 0 0
695 944 0 0
331 314 0 0
836 735 0 0
364 114 0 0
381 617 0 0
845 288 0 0
599 497 0 0
361 120 0 0
959 259 0 0
932 795 0 0
68 758 0 0
378 854 0 0
711 301 0 0
676 327 0 0
675 424 0 0
304 694 0 0
119 376 0 0
563 598 0 0
441 763 0 0
259 894 0 0
200 662 0 0
333 480 0 0
677 785 0 0
169 976 0 0
154 703 0 0
462 591 0 0
555 434 0 0
626 169 0 0
214 768 0 0
274 979 0 0
361 483 0 0
167 329 0 0
813 636 0 0
202 271 0 0
287 81 0 0
415 908 0 0
814 150 0 0
29 888 0 0
138 985 0 0
627 99 0 0
183 714 0 0
456 143 0 0
281 165 0 0
10 915 0 0
755 147 0 0
299 220 0 0
548 533 0 0
849 478 0 0
154 276 0 0
861 698 0 0
355 975 0 0
44 628 0 0
32 227 0 0
236 447 0 0
739 687 0 0
31 751 0 0
226 399 0 0
237 401 0 0
445 176 0 0
375 757 0 0
52 754 0 0
922 687 0 0
463 46 0 0
282 249 0 0
392 486 0 0
614 745 0 0
541 936 0 0
932 864 0 0
89 256 0 0
875 932 0 0
947 888 0 0
118 667 0 0
12 291 0 0
971 890 0 0
600 60 0 0
112 128 0 0
804 806 0 0
276 878 0 0
131 707 0 0
807 925 0 2
164 781 0 0
344 534 0 0
198 630 0 0
521 780 0 0
251 287 0 0
178 881 0 0
444 381 0 0
596 781 0 0
599 478 0 0
342 191 0 0
563 956 0 0
802 81 0 0
367 302 0 0
164 19 0 0
332 234 0 0
630 882 0 0
494 988 0 0
725 348 0 0
792 725 0 0
911 444 0 0
796 790 0 0
426 527 0 0
607 134 0 0
676 170 0 0
141 624 0 0
720 180 0 0
688 4 0 0
102 144 0 0
896 68 0 0
637 858 0 0
115 461 0 0
738 657 0 0
97 436 0 0
54 626 0 0
64 609 0 0
873 278 0 0
609 501 0 0
362 155 0 0
453 61 0 0
605 837 0 0
382 963 0 0
0 422 0 0
5 328 0 0
523 865 0 0
725 785 0 0
110 607 0 0
902 396 0 0
403 874 0 0
289 65 0 0
623 68 0 0
146 182 0 0
439 296 0 0
687 567 0 0
222 637 0 0
783 674 0 0
130 793 0 0
722 737 0 0
364 100 0 0
634 333 0 0
662 173 0 0
191 254 0 0
339 794 0 0
635 759 0 0
51 146 0 0
402 537 0 0
107 27 0 0
440 683 0 0
884 230 0 0
740 55 0 0
391 321 0 0
726 589 0 0
286 137 0 0
306 950 0 0
666 3 0 0
130 785 0 0
664 421 0 0
987 871 0 0
91 340 0 0
653 906 0 0
228 575 0 0
836 878 0 0
732 611 0 0
695 476 0 0
617 776 0 0
806 227 0 0
320 920 0 0
719 785 0 0
419 221 0 0
354 81 0 0
628 130 0 0
85 784 0 0
924 534 0 0
97 189 0 0
57 748 0 0
81 601 0 0
19 218 0 0
818 369 0 0
126 285 0 0
820 770 0 0
73 731 0 0
906 862 0 0
205 953 0 0
364 555 0 0
133 64 0 0
244 255 0 0
126 573 0 0
388 951 0 0
933 543 0 0
39 600 0 0
290 616 0 0
372 522 0 0
421 908 0 0
892 412 0 0
182 926 0 0
573 950 0 0
306 232 0 0
624 547 0 0
490 376 0 0
53 379 0 0
966 119 0 0
234 268 0 0
132 537 0 0
976 362 0 0
260 480 0 0
178 668 0 0
442 194 0 0
36 329 0 0
91 864 0 0
233 865 0 0
775 955 0 0
223 377 0 0
530 525 0 0
493 122 0 0
956 992 0 0
794 455 0 0
730 514 0 0
820 81 0 0
92 40 0 0
342 377 0 0
822 794 0 0
383 136 0 0
372 591 0 0
111 673 0 0
390 62 0 0
792 174 0 0
130 912 0 0
940 73 0 0
46 326 0 0
499 722 0 0
44 864 0 0
480 229 0 0
368 969 0 0
130 440 0 0
829 731 0 0
104 702 0 0
702 112 0 0
878 886 0 0
176 252 0 0
571 822 0 0
448 213 0 0
978 9 0 0
254 115 0 0
144 369 0 0
425 613 0 0
403 273 0 0
511 736 0 0
352 825 0 0


Makefile:14: la recette pour la cible run a choue
